nom_dept;nom_com;insee_com;nom_station;code_station (ue);influence;nom_poll;id_poll_ue;valeur;unite;metrique;date_debut;date_fin;statut_valid;x_wgs84;y_wgs84;x_reglementaire;y_reglementaire
Loire-Atlantique;Donges;44052;AMPERE;FR23001;industrial;SO2;1;0.18;µg/m3;horaire;2023-04-21 22:00:00;2023-04-21 23:00:00;True;-2.0813729293078014;47.324243646620644;316466.7822100732;6703891.209852793
Loire-Atlantique;Donges;44052;LA MEGRETAIS;FR23003;industrial;NO2;8;6.1;µg/m3;horaire;2023-04-21 22:00:00;2023-04-21 23:00:00;True;-2.039245335998521;47.322705228858595;319631.26531024784;6703516.8929397985
Loire-Atlantique;Donges;44052;LA MEGRETAIS;FR23003;industrial;NO;38;0.0;µg/m3;horaire;2023-04-21 22:00:00;2023-04-21 23:00:00;True;-2.039245335998521;47.322705228858595;319631.26531024784;6703516.8929397985
Loire-Atlantique;Donges;44052;LA MEGRETAIS;FR23003;industrial;NOx;9;6.1;µg/m3 eq NO2;horaire;2023-04-21 22:00:00;2023-04-21 23:00:00;True;-2.039245335998521;47.322705228858595;319631.26531024784;6703516.8929397985
Loire-Atlantique;Donges;44052;LA MEGRETAIS;FR23003;industrial;PM10;5;20.0;µg/m3;horaire;2023-04-21 22:00:00;2023-04-21 23:00:00;True;-2.039245335998521;47.322705228858595;319631.26531024784;6703516.8929397985
Loire-Atlantique;Donges;44052;LA MEGRETAIS;FR23003;industrial;PM2.5;6001;15.0;µg/m3;horaire;2023-04-21 22:00:00;2023-04-21 23:00:00;True;-2.039245335998521;47.322705228858595;319631.26531024784;6703516.8929397985
Loire-Atlantique;Donges;44052;LA MEGRETAIS;FR23003;industrial;SO2;1;0.0;µg/m3;horaire;2023-04-21 22:00:00;2023-04-21 23:00:00;True;-2.039245335998521;47.322705228858595;319631.26531024784;6703516.8929397985
Loire-Atlantique;Donges;44052;PASTEUR;FR23004;industrial;H2S;11;0.55;µg/m3;horaire;2023-04-21 22:00:00;2023-04-21 23:00:00;True;-2.073374401966883;47.31740262661712;317020.8741071;6703094.040787983
Loire-Atlantique;Donges;44052;PASTEUR;FR23004;industrial;SO2;1;0.6;µg/m3;horaire;2023-04-21 22:00:00;2023-04-21 23:00:00;True;-2.073374401966883;47.31740262661712;317020.8741071;6703094.040787983
Loire-Atlantique;Frossay;44061;FROSSAY;FR23068;industrial;NO2;8;5.2;µg/m3;horaire;2023-04-21 22:00:00;2023-04-21 23:00:00;True;-1.9365235553956817;47.24735229625331;326851.68236097385;6694673.195316758
Loire-Atlantique;Frossay;44061;FROSSAY;FR23068;industrial;NO;38;0.0;µg/m3;horaire;2023-04-21 22:00:00;2023-04-21 23:00:00;True;-1.9365235553956817;47.24735229625331;326851.68236097385;6694673.195316758
Loire-Atlantique;Frossay;44061;FROSSAY;FR23068;industrial;NOx;9;5.3;µg/m3 eq NO2;horaire;2023-04-21 22:00:00;2023-04-21 23:00:00;True;-1.9365235553956817;47.24735229625331;326851.68236097385;6694673.195316758
Loire-Atlantique;Frossay;44061;FROSSAY;FR23068;industrial;PM10;5;21.0;µg/m3;horaire;2023-04-21 22:00:00;2023-04-21 23:00:00;True;-1.9365235553956817;47.24735229625331;326851.68236097385;6694673.195316758
Loire-Atlantique;Frossay;44061;FROSSAY;FR23068;industrial;SO2;1;0.38;µg/m3;horaire;2023-04-21 22:00:00;2023-04-21 23:00:00;True;-1.9365235553956817;47.24735229625331;326851.68236097385;6694673.195316758
Loire-Atlantique;Savenay;44195;SAVENAY;FR23069;industrial;SO2;1;0.38;µg/m3;horaire;2023-04-21 22:00:00;2023-04-21 23:00:00;True;-1.9535935295608815;47.36020691809557;326348.9822352358;6707265.42533564
Loire-Atlantique;Saint-Etienne-De-Montluc;44158;SAINT ETIENNE DE MONTLUC;FR23070;industrial;NO2;8;4.9;µg/m3;horaire;2023-04-21 22:00:00;2023-04-21 23:00:00;True;-1.7830812813449453;47.28312712300018;338676.42390903604;6697925.914501535
Loire-Atlantique;Saint-Etienne-De-Montluc;44158;SAINT ETIENNE DE MONTLUC;FR23070;industrial;NO;38;0.0;µg/m3;horaire;2023-04-21 22:00:00;2023-04-21 23:00:00;True;-1.7830812813449453;47.28312712300018;338676.42390903604;6697925.914501535
Loire-Atlantique;Saint-Etienne-De-Montluc;44158;SAINT ETIENNE DE MONTLUC;FR23070;industrial;NOx;9;4.7;µg/m3 eq NO2;horaire;2023-04-21 22:00:00;2023-04-21 23:00:00;True;-1.7830812813449453;47.28312712300018;338676.42390903604;6697925.914501535
Loire-Atlantique;Saint-Etienne-De-Montluc;44158;SAINT ETIENNE DE MONTLUC;FR23070;industrial;PM10;5;16.0;µg/m3;horaire;2023-04-21 22:00:00;2023-04-21 23:00:00;True;-1.7830812813449453;47.28312712300018;338676.42390903604;6697925.914501535
Loire-Atlantique;Saint-Etienne-De-Montluc;44158;SAINT ETIENNE DE MONTLUC;FR23070;industrial;PM2.5;6001;12.0;µg/m3;horaire;2023-04-21 22:00:00;2023-04-21 23:00:00;True;-1.7830812813449453;47.28312712300018;338676.42390903604;6697925.914501535
Loire-Atlantique;Saint-Etienne-De-Montluc;44158;SAINT ETIENNE DE MONTLUC;FR23070;industrial;SO2;1;0.25;µg/m3;horaire;2023-04-21 22:00:00;2023-04-21 23:00:00;True;-1.7830812813449453;47.28312712300018;338676.42390903604;6697925.914501535
Loire-Atlantique;Trignac;44210;JULES VERNE;FR23075;industrial;NO2;8;6.8;µg/m3;horaire;2023-04-21 22:00:00;2023-04-21 23:00:00;True;-2.1904076735030835;47.315645037165524;308186.02080619615;6703473.391126138
Loire-Atlantique;Trignac;44210;JULES VERNE;FR23075;industrial;NO;38;0.0;µg/m3;horaire;2023-04-21 22:00:00;2023-04-21 23:00:00;True;-2.1904076735030835;47.315645037165524;308186.02080619615;6703473.391126138
Loire-Atlantique;Trignac;44210;JULES VERNE;FR23075;industrial;NOx;9;6.4;µg/m3 eq NO2;horaire;2023-04-21 22:00:00;2023-04-21 23:00:00;True;-2.1904076735030835;47.315645037165524;308186.02080619615;6703473.391126138
Maine-et-Loire;Cholet;49099;SAINT EXUPERY;FR23078;background;NO2;8;11.0;µg/m3;horaire;2023-04-21 22:00:00;2023-04-21 23:00:00;True;-0.8835758137839181;47.055828646104125;405324.4925768649;6668979.670961294
Maine-et-Loire;Cholet;49099;SAINT EXUPERY;FR23078;background;NO;38;0.7;µg/m3;horaire;2023-04-21 22:00:00;2023-04-21 23:00:00;True;-0.8835758137839181;47.055828646104125;405324.4925768649;6668979.670961294
Maine-et-Loire;Cholet;49099;SAINT EXUPERY;FR23078;background;NOx;9;12.0;µg/m3 eq NO2;horaire;2023-04-21 22:00:00;2023-04-21 23:00:00;True;-0.8835758137839181;47.055828646104125;405324.4925768649;6668979.670961294
Maine-et-Loire;Cholet;49099;SAINT EXUPERY;FR23078;background;O3;7;73.0;µg/m3;horaire;2023-04-21 22:00:00;2023-04-21 23:00:00;True;-0.8835758137839181;47.055828646104125;405324.4925768649;6668979.670961294
Maine-et-Loire;Cholet;49099;SAINT EXUPERY;FR23078;background;PM10;5;15.0;µg/m3;horaire;2023-04-21 22:00:00;2023-04-21 23:00:00;True;-0.8835758137839181;47.055828646104125;405324.4925768649;6668979.670961294
Loire-Atlantique;Nantes;44109;LA CHAUVINIERE;FR23107;background;NO2;8;12.0;µg/m3;horaire;2023-04-21 22:00:00;2023-04-21 23:00:00;True;-1.5732745401793513;47.25291196744293;354313.2357701814;6693636.219563372
Loire-Atlantique;Nantes;44109;LA CHAUVINIERE;FR23107;background;NO;38;0.3;µg/m3;horaire;2023-04-21 22:00:00;2023-04-21 23:00:00;True;-1.5732745401793513;47.25291196744293;354313.2357701814;6693636.219563372
Loire-Atlantique;Nantes;44109;LA CHAUVINIERE;FR23107;background;NOx;9;13.0;µg/m3 eq NO2;horaire;2023-04-21 22:00:00;2023-04-21 23:00:00;True;-1.5732745401793513;47.25291196744293;354313.2357701814;6693636.219563372
Loire-Atlantique;Nantes;44109;LA CHAUVINIERE;FR23107;background;PM10;5;15.0;µg/m3;horaire;2023-04-21 22:00:00;2023-04-21 23:00:00;True;-1.5732745401793513;47.25291196744293;354313.2357701814;6693636.219563372
Loire-Atlantique;Nantes;44109;LA CHAUVINIERE;FR23107;background;PM2.5;6001;12.0;µg/m3;horaire;2023-04-21 22:00:00;2023-04-21 23:00:00;True;-1.5732745401793513;47.25291196744293;354313.2357701814;6693636.219563372
Loire-Atlantique;Saint-Nazaire;44184;LEON BLUM;FR23110;background;NO2;8;12.0;µg/m3;horaire;2023-04-21 22:00:00;2023-04-21 23:00:00;True;-2.2501538782724806;47.26411028437446;303302.1643903805;6698059.671526036
Loire-Atlantique;Saint-Nazaire;44184;LEON BLUM;FR23110;background;NO;38;0.48;µg/m3;horaire;2023-04-21 22:00:00;2023-04-21 23:00:00;True;-2.2501538782724806;47.26411028437446;303302.1643903805;6698059.671526036
Loire-Atlantique;Saint-Nazaire;44184;LEON BLUM;FR23110;background;NOx;9;13.0;µg/m3 eq NO2;horaire;2023-04-21 22:00:00;2023-04-21 23:00:00;True;-2.2501538782724806;47.26411028437446;303302.1643903805;6698059.671526036
Loire-Atlantique;Saint-Nazaire;44184;LEON BLUM;FR23110;background;O3;7;74.0;µg/m3;horaire;2023-04-21 22:00:00;2023-04-21 23:00:00;True;-2.2501538782724806;47.26411028437446;303302.1643903805;6698059.671526036
Loire-Atlantique;Saint-Nazaire;44184;LEON BLUM;FR23110;background;PM10;5;17.0;µg/m3;horaire;2023-04-21 22:00:00;2023-04-21 23:00:00;True;-2.2501538782724806;47.26411028437446;303302.1643903805;6698059.671526036
Loire-Atlantique;Saint-Nazaire;44184;LEON BLUM;FR23110;background;PM2.5;6001;11.0;µg/m3;horaire;2023-04-21 22:00:00;2023-04-21 23:00:00;True;-2.2501538782724806;47.26411028437446;303302.1643903805;6698059.671526036
Maine-et-Loire;Angers;49007;BEAUX ARTS;FR23120;background;NO2;8;12.0;µg/m3;horaire;2023-04-21 22:00:00;2023-04-21 23:00:00;True;-0.5559330038543386;47.46849236147444;432231.14920499554;6713600.72883131
Maine-et-Loire;Angers;49007;BEAUX ARTS;FR23120;background;NO;38;0.83;µg/m3;horaire;2023-04-21 22:00:00;2023-04-21 23:00:00;True;-0.5559330038543386;47.46849236147444;432231.14920499554;6713600.72883131
Maine-et-Loire;Angers;49007;BEAUX ARTS;FR23120;background;NOx;9;13.0;µg/m3 eq NO2;horaire;2023-04-21 22:00:00;2023-04-21 23:00:00;True;-0.5559330038543386;47.46849236147444;432231.14920499554;6713600.72883131
Maine-et-Loire;Angers;49007;BEAUX ARTS;FR23120;background;PM10;5;15.0;µg/m3;horaire;2023-04-21 22:00:00;2023-04-21 23:00:00;True;-0.5559330038543386;47.46849236147444;432231.14920499554;6713600.72883131
Maine-et-Loire;Angers;49007;BEAUX ARTS;FR23120;background;PM2.5;6001;12.0;µg/m3;horaire;2023-04-21 22:00:00;2023-04-21 23:00:00;True;-0.5559330038543386;47.46849236147444;432231.14920499554;6713600.72883131
Mayenne;Laval;53130;MAZAGRAN;FR23123;background;NO2;8;8.5;µg/m3;horaire;2023-04-21 22:00:00;2023-04-21 23:00:00;True;-0.7681529262800582;48.06936514490995;419447.0551375298;6781027.2411395665
Mayenne;Laval;53130;MAZAGRAN;FR23123;background;NO;38;0.15;µg/m3;horaire;2023-04-21 22:00:00;2023-04-21 23:00:00;True;-0.7681529262800582;48.06936514490995;419447.0551375298;6781027.2411395665
Mayenne;Laval;53130;MAZAGRAN;FR23123;background;NOx;9;8.8;µg/m3 eq NO2;horaire;2023-04-21 22:00:00;2023-04-21 23:00:00;True;-0.7681529262800582;48.06936514490995;419447.0551375298;6781027.2411395665
Mayenne;Laval;53130;MAZAGRAN;FR23123;background;O3;7;77.0;µg/m3;horaire;2023-04-21 22:00:00;2023-04-21 23:00:00;True;-0.7681529262800582;48.06936514490995;419447.0551375298;6781027.2411395665
Mayenne;Laval;53130;MAZAGRAN;FR23123;background;PM10;5;12.0;µg/m3;horaire;2023-04-21 22:00:00;2023-04-21 23:00:00;True;-0.7681529262800582;48.06936514490995;419447.0551375298;6781027.2411395665
Vendée;La Tardière;85289;LA TARDIERE;FR23124;background;NH3;35;5.2;µg/m3;horaire;2023-04-21 22:00:00;2023-04-21 23:00:00;True;-0.7433812921256286;46.65662489362803;413852.8420801177;6624178.2980740825
Vendée;La Tardière;85289;LA TARDIERE;FR23124;background;NO2;8;4.9;µg/m3;horaire;2023-04-21 22:00:00;2023-04-21 23:00:00;True;-0.7433812921256286;46.65662489362803;413852.8420801177;6624178.2980740825
Vendée;La Tardière;85289;LA TARDIERE;FR23124;background;NO;38;0.45;µg/m3;horaire;2023-04-21 22:00:00;2023-04-21 23:00:00;True;-0.7433812921256286;46.65662489362803;413852.8420801177;6624178.2980740825
Vendée;La Tardière;85289;LA TARDIERE;FR23124;background;NOx;9;5.5;µg/m3 eq NO2;horaire;2023-04-21 22:00:00;2023-04-21 23:00:00;True;-0.7433812921256286;46.65662489362803;413852.8420801177;6624178.2980740825
Vendée;La Tardière;85289;LA TARDIERE;FR23124;background;O3;7;82.0;µg/m3;horaire;2023-04-21 22:00:00;2023-04-21 23:00:00;True;-0.7433812921256286;46.65662489362803;413852.8420801177;6624178.2980740825
Vendée;La Tardière;85289;LA TARDIERE;FR23124;background;PM10;5;;µg/m3;horaire;2023-04-21 22:00:00;2023-04-21 23:00:00;False;-0.7433812921256286;46.65662489362803;413852.8420801177;6624178.2980740825
Vendée;La Tardière;85289;LA TARDIERE;FR23124;background;PM10;5;11.0;µg/m3;horaire;2023-04-21 22:00:00;2023-04-21 23:00:00;True;-0.7433812921256286;46.65662489362803;413852.8420801177;6624178.2980740825
Vendée;La Tardière;85289;LA TARDIERE;FR23124;background;PM2.5;6001;;µg/m3;horaire;2023-04-21 22:00:00;2023-04-21 23:00:00;False;-0.7433812921256286;46.65662489362803;413852.8420801177;6624178.2980740825
Loire-Atlantique;Paimbœuf;44116;CUTULLIC2;FR23149;industrial;SO2;1;1.3;µg/m3;horaire;2023-04-21 22:00:00;2023-04-21 23:00:00;True;-2.0324417113714177;47.28616795300179;319885.62629199366;6699433.757790069
Maine-et-Loire;Angers;49007;APPENTIS;FR23150;background;NO2;8;16.0;µg/m3;horaire;2023-04-21 22:00:00;2023-04-21 23:00:00;True;-0.5501000222079123;47.447336007801624;432564.4583844049;6711233.097282906
Maine-et-Loire;Angers;49007;APPENTIS;FR23150;background;NO;38;0.85;µg/m3;horaire;2023-04-21 22:00:00;2023-04-21 23:00:00;True;-0.5501000222079123;47.447336007801624;432564.4583844049;6711233.097282906
Maine-et-Loire;Angers;49007;APPENTIS;FR23150;background;NOx;9;18.0;µg/m3 eq NO2;horaire;2023-04-21 22:00:00;2023-04-21 23:00:00;True;-0.5501000222079123;47.447336007801624;432564.4583844049;6711233.097282906
Maine-et-Loire;Angers;49007;APPENTIS;FR23150;background;O3;7;76.0;µg/m3;horaire;2023-04-21 22:00:00;2023-04-21 23:00:00;True;-0.5501000222079123;47.447336007801624;432564.4583844049;6711233.097282906
Vendée;La Roche-Sur-Yon;85191;DELACROIX;FR23152;background;NO2;8;7.3;µg/m3;horaire;2023-04-21 22:00:00;2023-04-21 23:00:00;True;-1.4368610961896655;46.66064836113053;360919.2021133019;6627370.063373093
Vendée;La Roche-Sur-Yon;85191;DELACROIX;FR23152;background;NO;38;0.43;µg/m3;horaire;2023-04-21 22:00:00;2023-04-21 23:00:00;True;-1.4368610961896655;46.66064836113053;360919.2021133019;6627370.063373093
Vendée;La Roche-Sur-Yon;85191;DELACROIX;FR23152;background;NOx;9;8.0;µg/m3 eq NO2;horaire;2023-04-21 22:00:00;2023-04-21 23:00:00;True;-1.4368610961896655;46.66064836113053;360919.2021133019;6627370.063373093
Vendée;La Roche-Sur-Yon;85191;DELACROIX;FR23152;background;O3;7;74.0;µg/m3;horaire;2023-04-21 22:00:00;2023-04-21 23:00:00;True;-1.4368610961896655;46.66064836113053;360919.2021133019;6627370.063373093
Vendée;La Roche-Sur-Yon;85191;DELACROIX;FR23152;background;PM10;5;16.0;µg/m3;horaire;2023-04-21 22:00:00;2023-04-21 23:00:00;True;-1.4368610961896655;46.66064836113053;360919.2021133019;6627370.063373093
Vendée;La Roche-Sur-Yon;85191;DELACROIX;FR23152;background;PM2.5;6001;12.0;µg/m3;horaire;2023-04-21 22:00:00;2023-04-21 23:00:00;True;-1.4368610961896655;46.66064836113053;360919.2021133019;6627370.063373093
Loire-Atlantique;Bouaye;44018;EPINETTES;FR23157;background;O3;7;84.0;µg/m3;horaire;2023-04-21 22:00:00;2023-04-21 23:00:00;True;-1.6902690000000005;47.14608799999988;344775.68549371266;6682310.180873801
Sarthe;Spay;72344;FILLE;FR23163;background;O3;7;78.0;µg/m3;horaire;2023-04-21 22:00:00;2023-04-21 23:00:00;True;0.1518948064395943;47.92192248604607;487322.6743667995;6761783.716825325
Sarthe;Le Mans;72181;GUEDOU;FR23174;background;NO2;8;11.0;µg/m3;horaire;2023-04-21 22:00:00;2023-04-21 23:00:00;True;0.19605011554765286;47.98894827304624;490882.9153232856;6769108.857118812
Sarthe;Le Mans;72181;GUEDOU;FR23174;background;NO;38;0.83;µg/m3;horaire;2023-04-21 22:00:00;2023-04-21 23:00:00;True;0.19605011554765286;47.98894827304624;490882.9153232856;6769108.857118812
Sarthe;Le Mans;72181;GUEDOU;FR23174;background;NOx;9;13.0;µg/m3 eq NO2;horaire;2023-04-21 22:00:00;2023-04-21 23:00:00;True;0.19605011554765286;47.98894827304624;490882.9153232856;6769108.857118812
Maine-et-Loire;Bouchemaine;49035;CLOS DES BEAUVAIS;FR23175;background;O3;7;84.0;µg/m3;horaire;2023-04-21 22:00:00;2023-04-21 23:00:00;True;-0.6100060021346906;47.43011900354789;427967.33949541056;6709527.093695923
Mayenne;Saint-Denis-D'Anjou;53210;SAINT DENIS D'ANJOU;FR23177;background;NO;38;0.28;µg/m3;horaire;2023-04-21 22:00:00;2023-04-21 23:00:00;True;-0.4447696525665919;47.7883321330413;442146.2573931599;6748729.6000822345
Mayenne;Saint-Denis-D'Anjou;53210;SAINT DENIS D'ANJOU;FR23177;background;NO2;8;8.0;µg/m3;horaire;2023-04-21 22:00:00;2023-04-21 23:00:00;True;-0.4447696525665919;47.7883321330413;442146.2573931599;6748729.6000822345
Mayenne;Saint-Denis-D'Anjou;53210;SAINT DENIS D'ANJOU;FR23177;background;NOx;9;8.4;µg/m3 eq NO2;horaire;2023-04-21 22:00:00;2023-04-21 23:00:00;True;-0.4447696525665919;47.7883321330413;442146.2573931599;6748729.6000822345
Mayenne;Saint-Denis-D'Anjou;53210;SAINT DENIS D'ANJOU;FR23177;background;O3;7;77.0;µg/m3;horaire;2023-04-21 22:00:00;2023-04-21 23:00:00;True;-0.4447696525665919;47.7883321330413;442146.2573931599;6748729.6000822345
Mayenne;Saint-Denis-D'Anjou;53210;SAINT DENIS D'ANJOU;FR23177;background;PM10;5;15.0;µg/m3;horaire;2023-04-21 22:00:00;2023-04-21 23:00:00;True;-0.4447696525665919;47.7883321330413;442146.2573931599;6748729.6000822345
Loire-Atlantique;Donges;44052;PARSCAU DU PLESSIS;FR23178;industrial;NO;38;0.18;µg/m3;horaire;2023-04-21 22:00:00;2023-04-21 23:00:00;True;-2.06687664431583;47.318896029650766;317521.3409009125;6703228.095208768
Loire-Atlantique;Donges;44052;PARSCAU DU PLESSIS;FR23178;industrial;NO2;8;6.5;µg/m3;horaire;2023-04-21 22:00:00;2023-04-21 23:00:00;True;-2.06687664431583;47.318896029650766;317521.3409009125;6703228.095208768
Loire-Atlantique;Donges;44052;PARSCAU DU PLESSIS;FR23178;industrial;NOx;9;6.8;µg/m3 eq NO2;horaire;2023-04-21 22:00:00;2023-04-21 23:00:00;True;-2.06687664431583;47.318896029650766;317521.3409009125;6703228.095208768
Loire-Atlantique;Donges;44052;PARSCAU DU PLESSIS;FR23178;industrial;PM10;5;19.0;µg/m3;horaire;2023-04-21 22:00:00;2023-04-21 23:00:00;True;-2.06687664431583;47.318896029650766;317521.3409009125;6703228.095208768
Loire-Atlantique;Donges;44052;PARSCAU DU PLESSIS;FR23178;industrial;PM2.5;6001;14.0;µg/m3;horaire;2023-04-21 22:00:00;2023-04-21 23:00:00;True;-2.06687664431583;47.318896029650766;317521.3409009125;6703228.095208768
Loire-Atlantique;Donges;44052;PARSCAU DU PLESSIS;FR23178;industrial;SO2;1;0.0;µg/m3;horaire;2023-04-21 22:00:00;2023-04-21 23:00:00;True;-2.06687664431583;47.318896029650766;317521.3409009125;6703228.095208768
Loire-Atlantique;Saint-Nazaire;44184;PARC PAYSAGER;FR23181;background;NO;38;0.13;µg/m3;horaire;2023-04-21 22:00:00;2023-04-21 23:00:00;True;-2.2231753057476937;47.273129394194775;305403.8853541548;6698924.134703943
Loire-Atlantique;Saint-Nazaire;44184;PARC PAYSAGER;FR23181;background;NO2;8;13.0;µg/m3;horaire;2023-04-21 22:00:00;2023-04-21 23:00:00;True;-2.2231753057476937;47.273129394194775;305403.8853541548;6698924.134703943
Loire-Atlantique;Saint-Nazaire;44184;PARC PAYSAGER;FR23181;background;NOx;9;13.0;µg/m3 eq NO2;horaire;2023-04-21 22:00:00;2023-04-21 23:00:00;True;-2.2231753057476937;47.273129394194775;305403.8853541548;6698924.134703943
Loire-Atlantique;Saint-Nazaire;44184;PARC PAYSAGER;FR23181;background;SO2;1;3.2;µg/m3;horaire;2023-04-21 22:00:00;2023-04-21 23:00:00;True;-2.2231753057476937;47.273129394194775;305403.8853541548;6698924.134703943
Sarthe;Le Mans;72181;SOURCES;FR23182;background;NO2;8;8.9;µg/m3;horaire;2023-04-21 22:00:00;2023-04-21 23:00:00;True;0.2213390216306751;47.971141853614576;492698.55226572393;6767064.748575544
Sarthe;Le Mans;72181;SOURCES;FR23182;background;NO;38;0.83;µg/m3;horaire;2023-04-21 22:00:00;2023-04-21 23:00:00;True;0.2213390216306751;47.971141853614576;492698.55226572393;6767064.748575544
Sarthe;Le Mans;72181;SOURCES;FR23182;background;NOx;9;10.0;µg/m3 eq NO2;horaire;2023-04-21 22:00:00;2023-04-21 23:00:00;True;0.2213390216306751;47.971141853614576;492698.55226572393;6767064.748575544
Sarthe;Le Mans;72181;SOURCES;FR23182;background;O3;7;87.0;µg/m3;horaire;2023-04-21 22:00:00;2023-04-21 23:00:00;True;0.2213390216306751;47.971141853614576;492698.55226572393;6767064.748575544
Sarthe;Le Mans;72181;SOURCES;FR23182;background;PM10;5;12.0;µg/m3;horaire;2023-04-21 22:00:00;2023-04-21 23:00:00;True;0.2213390216306751;47.971141853614576;492698.55226572393;6767064.748575544
Sarthe;Le Mans;72181;SOURCES;FR23182;background;PM2.5;6001;8.9;µg/m3;horaire;2023-04-21 22:00:00;2023-04-21 23:00:00;True;0.2213390216306751;47.971141853614576;492698.55226572393;6767064.748575544
Loire-Atlantique;Nantes;44109;CIM BOUTEILLERIE;FR23188;background;BCwb;;24.0;%;horaire;2023-04-21 22:00:00;2023-04-21 23:00:00;True;-1.5374268258113177;47.22217589146574;356823.8361417605;6690071.409167136
Loire-Atlantique;Nantes;44109;CIM BOUTEILLERIE;FR23188;background;Hg;;0.36;ng/m3;horaire;2023-04-21 22:00:00;2023-04-21 23:00:00;True;-1.5374268258113177;47.22217589146574;356823.8361417605;6690071.409167136
Loire-Atlantique;Nantes;44109;CIM BOUTEILLERIE;FR23188;background;NO2;8;8.6;µg/m3;horaire;2023-04-21 22:00:00;2023-04-21 23:00:00;True;-1.5374268258113177;47.22217589146574;356823.8361417605;6690071.409167136
Loire-Atlantique;Nantes;44109;CIM BOUTEILLERIE;FR23188;background;NO;38;0.4;µg/m3;horaire;2023-04-21 22:00:00;2023-04-21 23:00:00;True;-1.5374268258113177;47.22217589146574;356823.8361417605;6690071.409167136
Loire-Atlantique;Nantes;44109;CIM BOUTEILLERIE;FR23188;background;NOx;9;9.3;µg/m3 eq NO2;horaire;2023-04-21 22:00:00;2023-04-21 23:00:00;True;-1.5374268258113177;47.22217589146574;356823.8361417605;6690071.409167136
Loire-Atlantique;Nantes;44109;CIM BOUTEILLERIE;FR23188;background;O3;7;76.0;µg/m3;horaire;2023-04-21 22:00:00;2023-04-21 23:00:00;True;-1.5374268258113177;47.22217589146574;356823.8361417605;6690071.409167136
Loire-Atlantique;Nantes;44109;CIM BOUTEILLERIE;FR23188;background;PM10;5;15.0;µg/m3;horaire;2023-04-21 22:00:00;2023-04-21 23:00:00;True;-1.5374268258113177;47.22217589146574;356823.8361417605;6690071.409167136
Loire-Atlantique;Nantes;44109;CIM BOUTEILLERIE;FR23188;background;PM2.5;6001;11.0;µg/m3;horaire;2023-04-21 22:00:00;2023-04-21 23:00:00;True;-1.5374268258113177;47.22217589146574;356823.8361417605;6690071.409167136
Loire-Atlantique;Nantes;44109;CIM BOUTEILLERIE;FR23188;background;PUF;;4378.0;P/cm3;horaire;2023-04-21 22:00:00;2023-04-21 23:00:00;True;-1.5374268258113177;47.22217589146574;356823.8361417605;6690071.409167136
Loire-Atlantique;Pornichet;44132;GASPARD;FR23230;background;O3;7;78.0;µg/m3;horaire;2023-04-21 22:00:00;2023-04-21 23:00:00;True;-2.3320669999999977;47.253055999964715;297039.3525861991;6697249.291127122
Loire-Atlantique;Rezé;44143;TRENTEMOULT;FR23238;specific;PM10;5;17.0;µg/m3;horaire;2023-04-21 22:00:00;2023-04-21 23:00:00;True;-1.5816779999999988;47.194146999964396;353300.20766508416;6687156.526597275
Loire-Atlantique;Rezé;44143;TRENTEMOULT;FR23238;specific;PM2.5;6001;12.0;µg/m3;horaire;2023-04-21 22:00:00;2023-04-21 23:00:00;True;-1.5816779999999988;47.194146999964396;353300.20766508416;6687156.526597275
Loire-Atlantique;Bouguenais;44020;LES COUETS;FR23239;industrial;NO2;8;9.3;µg/m3;horaire;2023-04-21 22:00:00;2023-04-21 23:00:00;True;-1.591496999999999;47.18591899996436;352504.9179813179;6686287.290819376
Loire-Atlantique;Bouguenais;44020;LES COUETS;FR23239;industrial;NO;38;0.55;µg/m3;horaire;2023-04-21 22:00:00;2023-04-21 23:00:00;True;-1.591496999999999;47.18591899996436;352504.9179813179;6686287.290819376
Loire-Atlantique;Bouguenais;44020;LES COUETS;FR23239;industrial;NOx;9;10.0;µg/m3 eq NO2;horaire;2023-04-21 22:00:00;2023-04-21 23:00:00;True;-1.591496999999999;47.18591899996436;352504.9179813179;6686287.290819376
Loire-Atlantique;Bouguenais;44020;LES COUETS;FR23239;industrial;PM10;5;15.0;µg/m3;horaire;2023-04-21 22:00:00;2023-04-21 23:00:00;True;-1.591496999999999;47.18591899996436;352504.9179813179;6686287.290819376
Loire-Atlantique;Bouguenais;44020;LES COUETS;FR23239;industrial;PM2.5;6001;8.3;µg/m3;horaire;2023-04-21 22:00:00;2023-04-21 23:00:00;True;-1.591496999999999;47.18591899996436;352504.9179813179;6686287.290819376
Maine-et-Loire;Angers;49007;ROI RENE;FR23242;traffic;NO;38;1.8;µg/m3;horaire;2023-04-21 22:00:00;2023-04-21 23:00:00;True;-0.5546410000000003;47.46693799998293;432320.60333853256;6713423.849690912
Maine-et-Loire;Angers;49007;ROI RENE;FR23242;traffic;NO2;8;16.0;µg/m3;horaire;2023-04-21 22:00:00;2023-04-21 23:00:00;True;-0.5546410000000003;47.46693799998293;432320.60333853256;6713423.849690912
Maine-et-Loire;Angers;49007;ROI RENE;FR23242;traffic;NOx;9;19.0;µg/m3 eq NO2;horaire;2023-04-21 22:00:00;2023-04-21 23:00:00;True;-0.5546410000000003;47.46693799998293;432320.60333853256;6713423.849690912
Maine-et-Loire;Angers;49007;ROI RENE;FR23242;traffic;PM10;5;15.0;µg/m3;horaire;2023-04-21 22:00:00;2023-04-21 23:00:00;True;-0.5546410000000003;47.46693799998293;432320.60333853256;6713423.849690912
Loire-Atlantique;Montoir-De-Bretagne;44103;CAMEE;FR23249;industrial;NO2;8;6.9;µg/m3;horaire;2023-04-21 22:00:00;2023-04-21 23:00:00;True;-2.1273331951941428;47.32113812654744;312980.25164916983;6703771.212179752
Loire-Atlantique;Montoir-De-Bretagne;44103;CAMEE;FR23249;industrial;NO;38;0.23;µg/m3;horaire;2023-04-21 22:00:00;2023-04-21 23:00:00;True;-2.1273331951941428;47.32113812654744;312980.25164916983;6703771.212179752
Loire-Atlantique;Montoir-De-Bretagne;44103;CAMEE;FR23249;industrial;NOx;9;7.3;µg/m3 eq NO2;horaire;2023-04-21 22:00:00;2023-04-21 23:00:00;True;-2.1273331951941428;47.32113812654744;312980.25164916983;6703771.212179752
Loire-Atlantique;Montoir-De-Bretagne;44103;CAMEE;FR23249;industrial;PM10;5;19.0;µg/m3;horaire;2023-04-21 22:00:00;2023-04-21 23:00:00;True;-2.1273331951941428;47.32113812654744;312980.25164916983;6703771.212179752
Loire-Atlantique;Montoir-De-Bretagne;44103;CAMEE;FR23249;industrial;PM2.5;6001;15.0;µg/m3;horaire;2023-04-21 22:00:00;2023-04-21 23:00:00;True;-2.1273331951941428;47.32113812654744;312980.25164916983;6703771.212179752
Loire-Atlantique;Montoir-De-Bretagne;44103;CAMEE;FR23249;industrial;SO2;1;1.6;µg/m3;horaire;2023-04-21 22:00:00;2023-04-21 23:00:00;True;-2.1273331951941428;47.32113812654744;312980.25164916983;6703771.212179752
Loire-Atlantique;Nantes;44109;FRERES GONCOURT;FR23251;traffic;C6H5-C2H5;431;0.33;µg/m3;horaire;2023-04-21 22:00:00;2023-04-21 23:00:00;True;-1.564803;47.23354499998231;354828.5774908221;6691451.497810739
Loire-Atlantique;Nantes;44109;FRERES GONCOURT;FR23251;traffic;C6H5-CH3;21;2.4;µg/m3;horaire;2023-04-21 22:00:00;2023-04-21 23:00:00;True;-1.564803;47.23354499998231;354828.5774908221;6691451.497810739
Loire-Atlantique;Nantes;44109;FRERES GONCOURT;FR23251;traffic;C6H6;20;1.1;µg/m3;horaire;2023-04-21 22:00:00;2023-04-21 23:00:00;True;-1.564803;47.23354499998231;354828.5774908221;6691451.497810739
Loire-Atlantique;Nantes;44109;FRERES GONCOURT;FR23251;traffic;CO;10;0.17;mg/m3;horaire;2023-04-21 22:00:00;2023-04-21 23:00:00;True;-1.564803;47.23354499998231;354828.5774908221;6691451.497810739
Loire-Atlantique;Nantes;44109;FRERES GONCOURT;FR23251;traffic;m,p-C6H4(CH3)2;464;1.1;µg/m3;horaire;2023-04-21 22:00:00;2023-04-21 23:00:00;True;-1.564803;47.23354499998231;354828.5774908221;6691451.497810739
Loire-Atlantique;Nantes;44109;FRERES GONCOURT;FR23251;traffic;NO;38;10.0;µg/m3;horaire;2023-04-21 22:00:00;2023-04-21 23:00:00;True;-1.564803;47.23354499998231;354828.5774908221;6691451.497810739
Loire-Atlantique;Nantes;44109;FRERES GONCOURT;FR23251;traffic;NO2;8;25.0;µg/m3;horaire;2023-04-21 22:00:00;2023-04-21 23:00:00;True;-1.564803;47.23354499998231;354828.5774908221;6691451.497810739
Loire-Atlantique;Nantes;44109;FRERES GONCOURT;FR23251;traffic;NOx;9;40.0;µg/m3 eq NO2;horaire;2023-04-21 22:00:00;2023-04-21 23:00:00;True;-1.564803;47.23354499998231;354828.5774908221;6691451.497810739
Loire-Atlantique;Nantes;44109;FRERES GONCOURT;FR23251;traffic;o-C6H4-(CH3)2;482;0.42;µg/m3;horaire;2023-04-21 22:00:00;2023-04-21 23:00:00;True;-1.564803;47.23354499998231;354828.5774908221;6691451.497810739
Loire-Atlantique;Nantes;44109;FRERES GONCOURT;FR23251;traffic;PM10;5;17.0;µg/m3;horaire;2023-04-21 22:00:00;2023-04-21 23:00:00;True;-1.564803;47.23354499998231;354828.5774908221;6691451.497810739
Loire-Atlantique;Nantes;44109;FRERES GONCOURT;FR23251;traffic;PM2.5;6001;8.7;µg/m3;horaire;2023-04-21 22:00:00;2023-04-21 23:00:00;True;-1.564803;47.23354499998231;354828.5774908221;6691451.497810739
Loire-Atlantique;Donges;44052;AMPERE;FR23001;industrial;SO2;1;0.35;µg/m3;horaire;2023-04-21 21:00:00;2023-04-21 22:00:00;True;-2.0813729293078014;47.324243646620644;316466.7822100732;6703891.209852793
Loire-Atlantique;Donges;44052;LA MEGRETAIS;FR23003;industrial;NO2;8;6.6;µg/m3;horaire;2023-04-21 21:00:00;2023-04-21 22:00:00;True;-2.039245335998521;47.322705228858595;319631.26531024784;6703516.8929397985
Loire-Atlantique;Donges;44052;LA MEGRETAIS;FR23003;industrial;NO;38;0.0;µg/m3;horaire;2023-04-21 21:00:00;2023-04-21 22:00:00;True;-2.039245335998521;47.322705228858595;319631.26531024784;6703516.8929397985
Loire-Atlantique;Donges;44052;LA MEGRETAIS;FR23003;industrial;NOx;9;6.2;µg/m3 eq NO2;horaire;2023-04-21 21:00:00;2023-04-21 22:00:00;True;-2.039245335998521;47.322705228858595;319631.26531024784;6703516.8929397985
Loire-Atlantique;Donges;44052;LA MEGRETAIS;FR23003;industrial;PM10;5;24.0;µg/m3;horaire;2023-04-21 21:00:00;2023-04-21 22:00:00;True;-2.039245335998521;47.322705228858595;319631.26531024784;6703516.8929397985
Loire-Atlantique;Donges;44052;LA MEGRETAIS;FR23003;industrial;PM2.5;6001;17.0;µg/m3;horaire;2023-04-21 21:00:00;2023-04-21 22:00:00;True;-2.039245335998521;47.322705228858595;319631.26531024784;6703516.8929397985
Loire-Atlantique;Donges;44052;LA MEGRETAIS;FR23003;industrial;SO2;1;0.0;µg/m3;horaire;2023-04-21 21:00:00;2023-04-21 22:00:00;True;-2.039245335998521;47.322705228858595;319631.26531024784;6703516.8929397985
Loire-Atlantique;Donges;44052;PASTEUR;FR23004;industrial;H2S;11;0.45;µg/m3;horaire;2023-04-21 21:00:00;2023-04-21 22:00:00;True;-2.073374401966883;47.31740262661712;317020.8741071;6703094.040787983
Loire-Atlantique;Donges;44052;PASTEUR;FR23004;industrial;SO2;1;0.45;µg/m3;horaire;2023-04-21 21:00:00;2023-04-21 22:00:00;True;-2.073374401966883;47.31740262661712;317020.8741071;6703094.040787983
Loire-Atlantique;Frossay;44061;FROSSAY;FR23068;industrial;NO2;8;5.6;µg/m3;horaire;2023-04-21 21:00:00;2023-04-21 22:00:00;True;-1.9365235553956817;47.24735229625331;326851.68236097385;6694673.195316758
Loire-Atlantique;Frossay;44061;FROSSAY;FR23068;industrial;NO;38;0.23;µg/m3;horaire;2023-04-21 21:00:00;2023-04-21 22:00:00;True;-1.9365235553956817;47.24735229625331;326851.68236097385;6694673.195316758
Loire-Atlantique;Frossay;44061;FROSSAY;FR23068;industrial;NOx;9;5.9;µg/m3 eq NO2;horaire;2023-04-21 21:00:00;2023-04-21 22:00:00;True;-1.9365235553956817;47.24735229625331;326851.68236097385;6694673.195316758
Loire-Atlantique;Frossay;44061;FROSSAY;FR23068;industrial;PM10;5;20.0;µg/m3;horaire;2023-04-21 21:00:00;2023-04-21 22:00:00;True;-1.9365235553956817;47.24735229625331;326851.68236097385;6694673.195316758
Loire-Atlantique;Frossay;44061;FROSSAY;FR23068;industrial;SO2;1;0.65;µg/m3;horaire;2023-04-21 21:00:00;2023-04-21 22:00:00;True;-1.9365235553956817;47.24735229625331;326851.68236097385;6694673.195316758
Loire-Atlantique;Savenay;44195;SAVENAY;FR23069;industrial;SO2;1;0.3;µg/m3;horaire;2023-04-21 21:00:00;2023-04-21 22:00:00;True;-1.9535935295608815;47.36020691809557;326348.9822352358;6707265.42533564
Loire-Atlantique;Saint-Etienne-De-Montluc;44158;SAINT ETIENNE DE MONTLUC;FR23070;industrial;NO2;8;5.5;µg/m3;horaire;2023-04-21 21:00:00;2023-04-21 22:00:00;True;-1.7830812813449453;47.28312712300018;338676.42390903604;6697925.914501535
Loire-Atlantique;Saint-Etienne-De-Montluc;44158;SAINT ETIENNE DE MONTLUC;FR23070;industrial;NO;38;0.0;µg/m3;horaire;2023-04-21 21:00:00;2023-04-21 22:00:00;True;-1.7830812813449453;47.28312712300018;338676.42390903604;6697925.914501535
Loire-Atlantique;Saint-Etienne-De-Montluc;44158;SAINT ETIENNE DE MONTLUC;FR23070;industrial;NOx;9;5.0;µg/m3 eq NO2;horaire;2023-04-21 21:00:00;2023-04-21 22:00:00;True;-1.7830812813449453;47.28312712300018;338676.42390903604;6697925.914501535
Loire-Atlantique;Saint-Etienne-De-Montluc;44158;SAINT ETIENNE DE MONTLUC;FR23070;industrial;PM10;5;16.0;µg/m3;horaire;2023-04-21 21:00:00;2023-04-21 22:00:00;True;-1.7830812813449453;47.28312712300018;338676.42390903604;6697925.914501535
Loire-Atlantique;Saint-Etienne-De-Montluc;44158;SAINT ETIENNE DE MONTLUC;FR23070;industrial;PM2.5;6001;12.0;µg/m3;horaire;2023-04-21 21:00:00;2023-04-21 22:00:00;True;-1.7830812813449453;47.28312712300018;338676.42390903604;6697925.914501535
Loire-Atlantique;Saint-Etienne-De-Montluc;44158;SAINT ETIENNE DE MONTLUC;FR23070;industrial;SO2;1;0.075;µg/m3;horaire;2023-04-21 21:00:00;2023-04-21 22:00:00;True;-1.7830812813449453;47.28312712300018;338676.42390903604;6697925.914501535
Loire-Atlantique;Trignac;44210;JULES VERNE;FR23075;industrial;NO2;8;8.0;µg/m3;horaire;2023-04-21 21:00:00;2023-04-21 22:00:00;True;-2.1904076735030835;47.315645037165524;308186.02080619615;6703473.391126138
Loire-Atlantique;Trignac;44210;JULES VERNE;FR23075;industrial;NO;38;0.0;µg/m3;horaire;2023-04-21 21:00:00;2023-04-21 22:00:00;True;-2.1904076735030835;47.315645037165524;308186.02080619615;6703473.391126138
Loire-Atlantique;Trignac;44210;JULES VERNE;FR23075;industrial;NOx;9;7.9;µg/m3 eq NO2;horaire;2023-04-21 21:00:00;2023-04-21 22:00:00;True;-2.1904076735030835;47.315645037165524;308186.02080619615;6703473.391126138
Maine-et-Loire;Cholet;49099;SAINT EXUPERY;FR23078;background;NO2;8;11.0;µg/m3;horaire;2023-04-21 21:00:00;2023-04-21 22:00:00;True;-0.8835758137839181;47.055828646104125;405324.4925768649;6668979.670961294
Maine-et-Loire;Cholet;49099;SAINT EXUPERY;FR23078;background;NO;38;0.7;µg/m3;horaire;2023-04-21 21:00:00;2023-04-21 22:00:00;True;-0.8835758137839181;47.055828646104125;405324.4925768649;6668979.670961294
Maine-et-Loire;Cholet;49099;SAINT EXUPERY;FR23078;background;NOx;9;12.0;µg/m3 eq NO2;horaire;2023-04-21 21:00:00;2023-04-21 22:00:00;True;-0.8835758137839181;47.055828646104125;405324.4925768649;6668979.670961294
Maine-et-Loire;Cholet;49099;SAINT EXUPERY;FR23078;background;O3;7;73.0;µg/m3;horaire;2023-04-21 21:00:00;2023-04-21 22:00:00;True;-0.8835758137839181;47.055828646104125;405324.4925768649;6668979.670961294
Maine-et-Loire;Cholet;49099;SAINT EXUPERY;FR23078;background;PM10;5;13.0;µg/m3;horaire;2023-04-21 21:00:00;2023-04-21 22:00:00;True;-0.8835758137839181;47.055828646104125;405324.4925768649;6668979.670961294
Loire-Atlantique;Nantes;44109;LA CHAUVINIERE;FR23107;background;NO2;8;12.0;µg/m3;horaire;2023-04-21 21:00:00;2023-04-21 22:00:00;True;-1.5732745401793513;47.25291196744293;354313.2357701814;6693636.219563372
Loire-Atlantique;Nantes;44109;LA CHAUVINIERE;FR23107;background;NO;38;0.38;µg/m3;horaire;2023-04-21 21:00:00;2023-04-21 22:00:00;True;-1.5732745401793513;47.25291196744293;354313.2357701814;6693636.219563372
Loire-Atlantique;Nantes;44109;LA CHAUVINIERE;FR23107;background;NOx;9;12.0;µg/m3 eq NO2;horaire;2023-04-21 21:00:00;2023-04-21 22:00:00;True;-1.5732745401793513;47.25291196744293;354313.2357701814;6693636.219563372
Loire-Atlantique;Nantes;44109;LA CHAUVINIERE;FR23107;background;PM10;5;15.0;µg/m3;horaire;2023-04-21 21:00:00;2023-04-21 22:00:00;True;-1.5732745401793513;47.25291196744293;354313.2357701814;6693636.219563372
Loire-Atlantique;Nantes;44109;LA CHAUVINIERE;FR23107;background;PM2.5;6001;12.0;µg/m3;horaire;2023-04-21 21:00:00;2023-04-21 22:00:00;True;-1.5732745401793513;47.25291196744293;354313.2357701814;6693636.219563372
Loire-Atlantique;Saint-Nazaire;44184;LEON BLUM;FR23110;background;NO2;8;12.0;µg/m3;horaire;2023-04-21 21:00:00;2023-04-21 22:00:00;True;-2.2501538782724806;47.26411028437446;303302.1643903805;6698059.671526036
Loire-Atlantique;Saint-Nazaire;44184;LEON BLUM;FR23110;background;NO;38;0.5;µg/m3;horaire;2023-04-21 21:00:00;2023-04-21 22:00:00;True;-2.2501538782724806;47.26411028437446;303302.1643903805;6698059.671526036
Loire-Atlantique;Saint-Nazaire;44184;LEON BLUM;FR23110;background;NOx;9;12.0;µg/m3 eq NO2;horaire;2023-04-21 21:00:00;2023-04-21 22:00:00;True;-2.2501538782724806;47.26411028437446;303302.1643903805;6698059.671526036
Loire-Atlantique;Saint-Nazaire;44184;LEON BLUM;FR23110;background;O3;7;73.0;µg/m3;horaire;2023-04-21 21:00:00;2023-04-21 22:00:00;True;-2.2501538782724806;47.26411028437446;303302.1643903805;6698059.671526036
Loire-Atlantique;Saint-Nazaire;44184;LEON BLUM;FR23110;background;PM10;5;20.0;µg/m3;horaire;2023-04-21 21:00:00;2023-04-21 22:00:00;True;-2.2501538782724806;47.26411028437446;303302.1643903805;6698059.671526036
Loire-Atlantique;Saint-Nazaire;44184;LEON BLUM;FR23110;background;PM2.5;6001;10.0;µg/m3;horaire;2023-04-21 21:00:00;2023-04-21 22:00:00;True;-2.2501538782724806;47.26411028437446;303302.1643903805;6698059.671526036
Maine-et-Loire;Angers;49007;BEAUX ARTS;FR23120;background;NO2;8;13.0;µg/m3;horaire;2023-04-21 21:00:00;2023-04-21 22:00:00;True;-0.5559330038543386;47.46849236147444;432231.14920499554;6713600.72883131
Maine-et-Loire;Angers;49007;BEAUX ARTS;FR23120;background;NO;38;0.88;µg/m3;horaire;2023-04-21 21:00:00;2023-04-21 22:00:00;True;-0.5559330038543386;47.46849236147444;432231.14920499554;6713600.72883131
Maine-et-Loire;Angers;49007;BEAUX ARTS;FR23120;background;NOx;9;15.0;µg/m3 eq NO2;horaire;2023-04-21 21:00:00;2023-04-21 22:00:00;True;-0.5559330038543386;47.46849236147444;432231.14920499554;6713600.72883131
Maine-et-Loire;Angers;49007;BEAUX ARTS;FR23120;background;PM10;5;14.0;µg/m3;horaire;2023-04-21 21:00:00;2023-04-21 22:00:00;True;-0.5559330038543386;47.46849236147444;432231.14920499554;6713600.72883131
Maine-et-Loire;Angers;49007;BEAUX ARTS;FR23120;background;PM2.5;6001;11.0;µg/m3;horaire;2023-04-21 21:00:00;2023-04-21 22:00:00;True;-0.5559330038543386;47.46849236147444;432231.14920499554;6713600.72883131
Mayenne;Laval;53130;MAZAGRAN;FR23123;background;NO2;8;9.4;µg/m3;horaire;2023-04-21 21:00:00;2023-04-21 22:00:00;True;-0.7681529262800582;48.06936514490995;419447.0551375298;6781027.2411395665
Mayenne;Laval;53130;MAZAGRAN;FR23123;background;NO;38;0.28;µg/m3;horaire;2023-04-21 21:00:00;2023-04-21 22:00:00;True;-0.7681529262800582;48.06936514490995;419447.0551375298;6781027.2411395665
Mayenne;Laval;53130;MAZAGRAN;FR23123;background;NOx;9;9.8;µg/m3 eq NO2;horaire;2023-04-21 21:00:00;2023-04-21 22:00:00;True;-0.7681529262800582;48.06936514490995;419447.0551375298;6781027.2411395665
Mayenne;Laval;53130;MAZAGRAN;FR23123;background;O3;7;76.0;µg/m3;horaire;2023-04-21 21:00:00;2023-04-21 22:00:00;True;-0.7681529262800582;48.06936514490995;419447.0551375298;6781027.2411395665
Mayenne;Laval;53130;MAZAGRAN;FR23123;background;PM10;5;13.0;µg/m3;horaire;2023-04-21 21:00:00;2023-04-21 22:00:00;True;-0.7681529262800582;48.06936514490995;419447.0551375298;6781027.2411395665
Vendée;La Tardière;85289;LA TARDIERE;FR23124;background;NH3;35;5.4;µg/m3;horaire;2023-04-21 21:00:00;2023-04-21 22:00:00;True;-0.7433812921256286;46.65662489362803;413852.8420801177;6624178.2980740825
Vendée;La Tardière;85289;LA TARDIERE;FR23124;background;NO2;8;5.3;µg/m3;horaire;2023-04-21 21:00:00;2023-04-21 22:00:00;True;-0.7433812921256286;46.65662489362803;413852.8420801177;6624178.2980740825
Vendée;La Tardière;85289;LA TARDIERE;FR23124;background;NO;38;0.98;µg/m3;horaire;2023-04-21 21:00:00;2023-04-21 22:00:00;True;-0.7433812921256286;46.65662489362803;413852.8420801177;6624178.2980740825
Vendée;La Tardière;85289;LA TARDIERE;FR23124;background;NOx;9;6.7;µg/m3 eq NO2;horaire;2023-04-21 21:00:00;2023-04-21 22:00:00;True;-0.7433812921256286;46.65662489362803;413852.8420801177;6624178.2980740825
Vendée;La Tardière;85289;LA TARDIERE;FR23124;background;O3;7;78.0;µg/m3;horaire;2023-04-21 21:00:00;2023-04-21 22:00:00;True;-0.7433812921256286;46.65662489362803;413852.8420801177;6624178.2980740825
Vendée;La Tardière;85289;LA TARDIERE;FR23124;background;PM10;5;;µg/m3;horaire;2023-04-21 21:00:00;2023-04-21 22:00:00;False;-0.7433812921256286;46.65662489362803;413852.8420801177;6624178.2980740825
Vendée;La Tardière;85289;LA TARDIERE;FR23124;background;PM10;5;15.0;µg/m3;horaire;2023-04-21 21:00:00;2023-04-21 22:00:00;True;-0.7433812921256286;46.65662489362803;413852.8420801177;6624178.2980740825
Vendée;La Tardière;85289;LA TARDIERE;FR23124;background;PM2.5;6001;;µg/m3;horaire;2023-04-21 21:00:00;2023-04-21 22:00:00;False;-0.7433812921256286;46.65662489362803;413852.8420801177;6624178.2980740825
Loire-Atlantique;Paimbœuf;44116;CUTULLIC2;FR23149;industrial;SO2;1;1.7;µg/m3;horaire;2023-04-21 21:00:00;2023-04-21 22:00:00;True;-2.0324417113714177;47.28616795300179;319885.62629199366;6699433.757790069
Maine-et-Loire;Angers;49007;APPENTIS;FR23150;background;NO2;8;18.0;µg/m3;horaire;2023-04-21 21:00:00;2023-04-21 22:00:00;True;-0.5501000222079123;47.447336007801624;432564.4583844049;6711233.097282906
Maine-et-Loire;Angers;49007;APPENTIS;FR23150;background;NO;38;0.88;µg/m3;horaire;2023-04-21 21:00:00;2023-04-21 22:00:00;True;-0.5501000222079123;47.447336007801624;432564.4583844049;6711233.097282906
Maine-et-Loire;Angers;49007;APPENTIS;FR23150;background;NOx;9;20.0;µg/m3 eq NO2;horaire;2023-04-21 21:00:00;2023-04-21 22:00:00;True;-0.5501000222079123;47.447336007801624;432564.4583844049;6711233.097282906
Maine-et-Loire;Angers;49007;APPENTIS;FR23150;background;O3;7;78.0;µg/m3;horaire;2023-04-21 21:00:00;2023-04-21 22:00:00;True;-0.5501000222079123;47.447336007801624;432564.4583844049;6711233.097282906
Vendée;La Roche-Sur-Yon;85191;DELACROIX;FR23152;background;NO2;8;9.0;µg/m3;horaire;2023-04-21 21:00:00;2023-04-21 22:00:00;True;-1.4368610961896655;46.66064836113053;360919.2021133019;6627370.063373093
Vendée;La Roche-Sur-Yon;85191;DELACROIX;FR23152;background;NO;38;0.4;µg/m3;horaire;2023-04-21 21:00:00;2023-04-21 22:00:00;True;-1.4368610961896655;46.66064836113053;360919.2021133019;6627370.063373093
Vendée;La Roche-Sur-Yon;85191;DELACROIX;FR23152;background;NOx;9;9.6;µg/m3 eq NO2;horaire;2023-04-21 21:00:00;2023-04-21 22:00:00;True;-1.4368610961896655;46.66064836113053;360919.2021133019;6627370.063373093
Vendée;La Roche-Sur-Yon;85191;DELACROIX;FR23152;background;O3;7;72.0;µg/m3;horaire;2023-04-21 21:00:00;2023-04-21 22:00:00;True;-1.4368610961896655;46.66064836113053;360919.2021133019;6627370.063373093
Vendée;La Roche-Sur-Yon;85191;DELACROIX;FR23152;background;PM10;5;17.0;µg/m3;horaire;2023-04-21 21:00:00;2023-04-21 22:00:00;True;-1.4368610961896655;46.66064836113053;360919.2021133019;6627370.063373093
Vendée;La Roche-Sur-Yon;85191;DELACROIX;FR23152;background;PM2.5;6001;12.0;µg/m3;horaire;2023-04-21 21:00:00;2023-04-21 22:00:00;True;-1.4368610961896655;46.66064836113053;360919.2021133019;6627370.063373093
Loire-Atlantique;Bouaye;44018;EPINETTES;FR23157;background;O3;7;85.0;µg/m3;horaire;2023-04-21 21:00:00;2023-04-21 22:00:00;True;-1.6902690000000005;47.14608799999988;344775.68549371266;6682310.180873801
Sarthe;Spay;72344;FILLE;FR23163;background;O3;7;80.0;µg/m3;horaire;2023-04-21 21:00:00;2023-04-21 22:00:00;True;0.1518948064395943;47.92192248604607;487322.6743667995;6761783.716825325
Sarthe;Le Mans;72181;GUEDOU;FR23174;background;NO2;8;14.0;µg/m3;horaire;2023-04-21 21:00:00;2023-04-21 22:00:00;True;0.19605011554765286;47.98894827304624;490882.9153232856;6769108.857118812
Sarthe;Le Mans;72181;GUEDOU;FR23174;background;NO;38;0.85;µg/m3;horaire;2023-04-21 21:00:00;2023-04-21 22:00:00;True;0.19605011554765286;47.98894827304624;490882.9153232856;6769108.857118812
Sarthe;Le Mans;72181;GUEDOU;FR23174;background;NOx;9;16.0;µg/m3 eq NO2;horaire;2023-04-21 21:00:00;2023-04-21 22:00:00;True;0.19605011554765286;47.98894827304624;490882.9153232856;6769108.857118812
Maine-et-Loire;Bouchemaine;49035;CLOS DES BEAUVAIS;FR23175;background;O3;7;85.0;µg/m3;horaire;2023-04-21 21:00:00;2023-04-21 22:00:00;True;-0.6100060021346906;47.43011900354789;427967.33949541056;6709527.093695923
Mayenne;Saint-Denis-D'Anjou;53210;SAINT DENIS D'ANJOU;FR23177;background;NO;38;0.38;µg/m3;horaire;2023-04-21 21:00:00;2023-04-21 22:00:00;True;-0.4447696525665919;47.7883321330413;442146.2573931599;6748729.6000822345
Mayenne;Saint-Denis-D'Anjou;53210;SAINT DENIS D'ANJOU;FR23177;background;NO2;8;8.4;µg/m3;horaire;2023-04-21 21:00:00;2023-04-21 22:00:00;True;-0.4447696525665919;47.7883321330413;442146.2573931599;6748729.6000822345
Mayenne;Saint-Denis-D'Anjou;53210;SAINT DENIS D'ANJOU;FR23177;background;NOx;9;8.9;µg/m3 eq NO2;horaire;2023-04-21 21:00:00;2023-04-21 22:00:00;True;-0.4447696525665919;47.7883321330413;442146.2573931599;6748729.6000822345
Mayenne;Saint-Denis-D'Anjou;53210;SAINT DENIS D'ANJOU;FR23177;background;O3;7;74.0;µg/m3;horaire;2023-04-21 21:00:00;2023-04-21 22:00:00;True;-0.4447696525665919;47.7883321330413;442146.2573931599;6748729.6000822345
Mayenne;Saint-Denis-D'Anjou;53210;SAINT DENIS D'ANJOU;FR23177;background;PM10;5;17.0;µg/m3;horaire;2023-04-21 21:00:00;2023-04-21 22:00:00;True;-0.4447696525665919;47.7883321330413;442146.2573931599;6748729.6000822345
Loire-Atlantique;Donges;44052;PARSCAU DU PLESSIS;FR23178;industrial;NO;38;0.1;µg/m3;horaire;2023-04-21 21:00:00;2023-04-21 22:00:00;True;-2.06687664431583;47.318896029650766;317521.3409009125;6703228.095208768
Loire-Atlantique;Donges;44052;PARSCAU DU PLESSIS;FR23178;industrial;NO2;8;6.4;µg/m3;horaire;2023-04-21 21:00:00;2023-04-21 22:00:00;True;-2.06687664431583;47.318896029650766;317521.3409009125;6703228.095208768
Loire-Atlantique;Donges;44052;PARSCAU DU PLESSIS;FR23178;industrial;NOx;9;6.6;µg/m3 eq NO2;horaire;2023-04-21 21:00:00;2023-04-21 22:00:00;True;-2.06687664431583;47.318896029650766;317521.3409009125;6703228.095208768
Loire-Atlantique;Donges;44052;PARSCAU DU PLESSIS;FR23178;industrial;PM10;5;20.0;µg/m3;horaire;2023-04-21 21:00:00;2023-04-21 22:00:00;True;-2.06687664431583;47.318896029650766;317521.3409009125;6703228.095208768
Loire-Atlantique;Donges;44052;PARSCAU DU PLESSIS;FR23178;industrial;PM2.5;6001;16.0;µg/m3;horaire;2023-04-21 21:00:00;2023-04-21 22:00:00;True;-2.06687664431583;47.318896029650766;317521.3409009125;6703228.095208768
Loire-Atlantique;Donges;44052;PARSCAU DU PLESSIS;FR23178;industrial;SO2;1;0.0;µg/m3;horaire;2023-04-21 21:00:00;2023-04-21 22:00:00;True;-2.06687664431583;47.318896029650766;317521.3409009125;6703228.095208768
Loire-Atlantique;Saint-Nazaire;44184;PARC PAYSAGER;FR23181;background;NO;38;0.2;µg/m3;horaire;2023-04-21 21:00:00;2023-04-21 22:00:00;True;-2.2231753057476937;47.273129394194775;305403.8853541548;6698924.134703943
Loire-Atlantique;Saint-Nazaire;44184;PARC PAYSAGER;FR23181;background;NO2;8;8.6;µg/m3;horaire;2023-04-21 21:00:00;2023-04-21 22:00:00;True;-2.2231753057476937;47.273129394194775;305403.8853541548;6698924.134703943
Loire-Atlantique;Saint-Nazaire;44184;PARC PAYSAGER;FR23181;background;NOx;9;8.9;µg/m3 eq NO2;horaire;2023-04-21 21:00:00;2023-04-21 22:00:00;True;-2.2231753057476937;47.273129394194775;305403.8853541548;6698924.134703943
Loire-Atlantique;Saint-Nazaire;44184;PARC PAYSAGER;FR23181;background;SO2;1;1.8;µg/m3;horaire;2023-04-21 21:00:00;2023-04-21 22:00:00;True;-2.2231753057476937;47.273129394194775;305403.8853541548;6698924.134703943
Sarthe;Le Mans;72181;SOURCES;FR23182;background;NO2;8;10.0;µg/m3;horaire;2023-04-21 21:00:00;2023-04-21 22:00:00;True;0.2213390216306751;47.971141853614576;492698.55226572393;6767064.748575544
Sarthe;Le Mans;72181;SOURCES;FR23182;background;NO;38;0.88;µg/m3;horaire;2023-04-21 21:00:00;2023-04-21 22:00:00;True;0.2213390216306751;47.971141853614576;492698.55226572393;6767064.748575544
Sarthe;Le Mans;72181;SOURCES;FR23182;background;NOx;9;11.0;µg/m3 eq NO2;horaire;2023-04-21 21:00:00;2023-04-21 22:00:00;True;0.2213390216306751;47.971141853614576;492698.55226572393;6767064.748575544
Sarthe;Le Mans;72181;SOURCES;FR23182;background;O3;7;89.0;µg/m3;horaire;2023-04-21 21:00:00;2023-04-21 22:00:00;True;0.2213390216306751;47.971141853614576;492698.55226572393;6767064.748575544
Sarthe;Le Mans;72181;SOURCES;FR23182;background;PM10;5;13.0;µg/m3;horaire;2023-04-21 21:00:00;2023-04-21 22:00:00;True;0.2213390216306751;47.971141853614576;492698.55226572393;6767064.748575544
Sarthe;Le Mans;72181;SOURCES;FR23182;background;PM2.5;6001;8.3;µg/m3;horaire;2023-04-21 21:00:00;2023-04-21 22:00:00;True;0.2213390216306751;47.971141853614576;492698.55226572393;6767064.748575544
Loire-Atlantique;Nantes;44109;CIM BOUTEILLERIE;FR23188;background;BCwb;;24.0;%;horaire;2023-04-21 21:00:00;2023-04-21 22:00:00;True;-1.5374268258113177;47.22217589146574;356823.8361417605;6690071.409167136
Loire-Atlantique;Nantes;44109;CIM BOUTEILLERIE;FR23188;background;Hg;;0.34;ng/m3;horaire;2023-04-21 21:00:00;2023-04-21 22:00:00;True;-1.5374268258113177;47.22217589146574;356823.8361417605;6690071.409167136
Loire-Atlantique;Nantes;44109;CIM BOUTEILLERIE;FR23188;background;NO2;8;11.0;µg/m3;horaire;2023-04-21 21:00:00;2023-04-21 22:00:00;True;-1.5374268258113177;47.22217589146574;356823.8361417605;6690071.409167136
Loire-Atlantique;Nantes;44109;CIM BOUTEILLERIE;FR23188;background;NO;38;0.43;µg/m3;horaire;2023-04-21 21:00:00;2023-04-21 22:00:00;True;-1.5374268258113177;47.22217589146574;356823.8361417605;6690071.409167136
Loire-Atlantique;Nantes;44109;CIM BOUTEILLERIE;FR23188;background;NOx;9;11.0;µg/m3 eq NO2;horaire;2023-04-21 21:00:00;2023-04-21 22:00:00;True;-1.5374268258113177;47.22217589146574;356823.8361417605;6690071.409167136
Loire-Atlantique;Nantes;44109;CIM BOUTEILLERIE;FR23188;background;O3;7;76.0;µg/m3;horaire;2023-04-21 21:00:00;2023-04-21 22:00:00;True;-1.5374268258113177;47.22217589146574;356823.8361417605;6690071.409167136
Loire-Atlantique;Nantes;44109;CIM BOUTEILLERIE;FR23188;background;PM10;5;15.0;µg/m3;horaire;2023-04-21 21:00:00;2023-04-21 22:00:00;True;-1.5374268258113177;47.22217589146574;356823.8361417605;6690071.409167136
Loire-Atlantique;Nantes;44109;CIM BOUTEILLERIE;FR23188;background;PM2.5;6001;11.0;µg/m3;horaire;2023-04-21 21:00:00;2023-04-21 22:00:00;True;-1.5374268258113177;47.22217589146574;356823.8361417605;6690071.409167136
Loire-Atlantique;Nantes;44109;CIM BOUTEILLERIE;FR23188;background;PUF;;5668.0;P/cm3;horaire;2023-04-21 21:00:00;2023-04-21 22:00:00;True;-1.5374268258113177;47.22217589146574;356823.8361417605;6690071.409167136
Loire-Atlantique;Pornichet;44132;GASPARD;FR23230;background;O3;7;81.0;µg/m3;horaire;2023-04-21 21:00:00;2023-04-21 22:00:00;True;-2.3320669999999977;47.253055999964715;297039.3525861991;6697249.291127122
Loire-Atlantique;Rezé;44143;TRENTEMOULT;FR23238;specific;PM10;5;18.0;µg/m3;horaire;2023-04-21 21:00:00;2023-04-21 22:00:00;True;-1.5816779999999988;47.194146999964396;353300.20766508416;6687156.526597275
Loire-Atlantique;Rezé;44143;TRENTEMOULT;FR23238;specific;PM2.5;6001;13.0;µg/m3;horaire;2023-04-21 21:00:00;2023-04-21 22:00:00;True;-1.5816779999999988;47.194146999964396;353300.20766508416;6687156.526597275
Loire-Atlantique;Bouguenais;44020;LES COUETS;FR23239;industrial;NO2;8;13.0;µg/m3;horaire;2023-04-21 21:00:00;2023-04-21 22:00:00;True;-1.591496999999999;47.18591899996436;352504.9179813179;6686287.290819376
Loire-Atlantique;Bouguenais;44020;LES COUETS;FR23239;industrial;NO;38;0.25;µg/m3;horaire;2023-04-21 21:00:00;2023-04-21 22:00:00;True;-1.591496999999999;47.18591899996436;352504.9179813179;6686287.290819376
Loire-Atlantique;Bouguenais;44020;LES COUETS;FR23239;industrial;NOx;9;13.0;µg/m3 eq NO2;horaire;2023-04-21 21:00:00;2023-04-21 22:00:00;True;-1.591496999999999;47.18591899996436;352504.9179813179;6686287.290819376
Loire-Atlantique;Bouguenais;44020;LES COUETS;FR23239;industrial;PM10;5;17.0;µg/m3;horaire;2023-04-21 21:00:00;2023-04-21 22:00:00;True;-1.591496999999999;47.18591899996436;352504.9179813179;6686287.290819376
Loire-Atlantique;Bouguenais;44020;LES COUETS;FR23239;industrial;PM2.5;6001;9.3;µg/m3;horaire;2023-04-21 21:00:00;2023-04-21 22:00:00;True;-1.591496999999999;47.18591899996436;352504.9179813179;6686287.290819376
Maine-et-Loire;Angers;49007;ROI RENE;FR23242;traffic;NO;38;9.5;µg/m3;horaire;2023-04-21 21:00:00;2023-04-21 22:00:00;True;-0.5546410000000003;47.46693799998293;432320.60333853256;6713423.849690912
Maine-et-Loire;Angers;49007;ROI RENE;FR23242;traffic;NO2;8;32.0;µg/m3;horaire;2023-04-21 21:00:00;2023-04-21 22:00:00;True;-0.5546410000000003;47.46693799998293;432320.60333853256;6713423.849690912
Maine-et-Loire;Angers;49007;ROI RENE;FR23242;traffic;NOx;9;47.0;µg/m3 eq NO2;horaire;2023-04-21 21:00:00;2023-04-21 22:00:00;True;-0.5546410000000003;47.46693799998293;432320.60333853256;6713423.849690912
Maine-et-Loire;Angers;49007;ROI RENE;FR23242;traffic;PM10;5;15.0;µg/m3;horaire;2023-04-21 21:00:00;2023-04-21 22:00:00;True;-0.5546410000000003;47.46693799998293;432320.60333853256;6713423.849690912
Loire-Atlantique;Montoir-De-Bretagne;44103;CAMEE;FR23249;industrial;NO2;8;7.5;µg/m3;horaire;2023-04-21 21:00:00;2023-04-21 22:00:00;True;-2.1273331951941428;47.32113812654744;312980.25164916983;6703771.212179752
Loire-Atlantique;Montoir-De-Bretagne;44103;CAMEE;FR23249;industrial;NO;38;0.33;µg/m3;horaire;2023-04-21 21:00:00;2023-04-21 22:00:00;True;-2.1273331951941428;47.32113812654744;312980.25164916983;6703771.212179752
Loire-Atlantique;Montoir-De-Bretagne;44103;CAMEE;FR23249;industrial;NOx;9;8.0;µg/m3 eq NO2;horaire;2023-04-21 21:00:00;2023-04-21 22:00:00;True;-2.1273331951941428;47.32113812654744;312980.25164916983;6703771.212179752
Loire-Atlantique;Montoir-De-Bretagne;44103;CAMEE;FR23249;industrial;PM10;5;26.0;µg/m3;horaire;2023-04-21 21:00:00;2023-04-21 22:00:00;True;-2.1273331951941428;47.32113812654744;312980.25164916983;6703771.212179752
Loire-Atlantique;Montoir-De-Bretagne;44103;CAMEE;FR23249;industrial;PM2.5;6001;20.0;µg/m3;horaire;2023-04-21 21:00:00;2023-04-21 22:00:00;True;-2.1273331951941428;47.32113812654744;312980.25164916983;6703771.212179752
Loire-Atlantique;Montoir-De-Bretagne;44103;CAMEE;FR23249;industrial;SO2;1;1.7;µg/m3;horaire;2023-04-21 21:00:00;2023-04-21 22:00:00;True;-2.1273331951941428;47.32113812654744;312980.25164916983;6703771.212179752
Loire-Atlantique;Nantes;44109;FRERES GONCOURT;FR23251;traffic;C6H5-C2H5;431;0.26;µg/m3;horaire;2023-04-21 21:00:00;2023-04-21 22:00:00;True;-1.564803;47.23354499998231;354828.5774908221;6691451.497810739
Loire-Atlantique;Nantes;44109;FRERES GONCOURT;FR23251;traffic;C6H5-CH3;21;1.6;µg/m3;horaire;2023-04-21 21:00:00;2023-04-21 22:00:00;True;-1.564803;47.23354499998231;354828.5774908221;6691451.497810739
Loire-Atlantique;Nantes;44109;FRERES GONCOURT;FR23251;traffic;C6H6;20;1.5;µg/m3;horaire;2023-04-21 21:00:00;2023-04-21 22:00:00;True;-1.564803;47.23354499998231;354828.5774908221;6691451.497810739
Loire-Atlantique;Nantes;44109;FRERES GONCOURT;FR23251;traffic;CO;10;0.2;mg/m3;horaire;2023-04-21 21:00:00;2023-04-21 22:00:00;True;-1.564803;47.23354499998231;354828.5774908221;6691451.497810739
Loire-Atlantique;Nantes;44109;FRERES GONCOURT;FR23251;traffic;m,p-C6H4(CH3)2;464;0.93;µg/m3;horaire;2023-04-21 21:00:00;2023-04-21 22:00:00;True;-1.564803;47.23354499998231;354828.5774908221;6691451.497810739
Loire-Atlantique;Nantes;44109;FRERES GONCOURT;FR23251;traffic;NO;38;11.0;µg/m3;horaire;2023-04-21 21:00:00;2023-04-21 22:00:00;True;-1.564803;47.23354499998231;354828.5774908221;6691451.497810739
Loire-Atlantique;Nantes;44109;FRERES GONCOURT;FR23251;traffic;NO2;8;27.0;µg/m3;horaire;2023-04-21 21:00:00;2023-04-21 22:00:00;True;-1.564803;47.23354499998231;354828.5774908221;6691451.497810739
Loire-Atlantique;Nantes;44109;FRERES GONCOURT;FR23251;traffic;NOx;9;45.0;µg/m3 eq NO2;horaire;2023-04-21 21:00:00;2023-04-21 22:00:00;True;-1.564803;47.23354499998231;354828.5774908221;6691451.497810739
Loire-Atlantique;Nantes;44109;FRERES GONCOURT;FR23251;traffic;o-C6H4-(CH3)2;482;0.34;µg/m3;horaire;2023-04-21 21:00:00;2023-04-21 22:00:00;True;-1.564803;47.23354499998231;354828.5774908221;6691451.497810739
Loire-Atlantique;Nantes;44109;FRERES GONCOURT;FR23251;traffic;PM10;5;19.0;µg/m3;horaire;2023-04-21 21:00:00;2023-04-21 22:00:00;True;-1.564803;47.23354499998231;354828.5774908221;6691451.497810739
Loire-Atlantique;Nantes;44109;FRERES GONCOURT;FR23251;traffic;PM2.5;6001;9.4;µg/m3;horaire;2023-04-21 21:00:00;2023-04-21 22:00:00;True;-1.564803;47.23354499998231;354828.5774908221;6691451.497810739
Loire-Atlantique;Donges;44052;AMPERE;FR23001;industrial;SO2;1;0.48;µg/m3;horaire;2023-04-21 20:00:00;2023-04-21 21:00:00;True;-2.0813729293078014;47.324243646620644;316466.7822100732;6703891.209852793
Loire-Atlantique;Donges;44052;LA MEGRETAIS;FR23003;industrial;NO2;8;6.5;µg/m3;horaire;2023-04-21 20:00:00;2023-04-21 21:00:00;True;-2.039245335998521;47.322705228858595;319631.26531024784;6703516.8929397985
Loire-Atlantique;Donges;44052;LA MEGRETAIS;FR23003;industrial;NO;38;0.0;µg/m3;horaire;2023-04-21 20:00:00;2023-04-21 21:00:00;True;-2.039245335998521;47.322705228858595;319631.26531024784;6703516.8929397985
Loire-Atlantique;Donges;44052;LA MEGRETAIS;FR23003;industrial;NOx;9;6.0;µg/m3 eq NO2;horaire;2023-04-21 20:00:00;2023-04-21 21:00:00;True;-2.039245335998521;47.322705228858595;319631.26531024784;6703516.8929397985
Loire-Atlantique;Donges;44052;LA MEGRETAIS;FR23003;industrial;PM10;5;25.0;µg/m3;horaire;2023-04-21 20:00:00;2023-04-21 21:00:00;True;-2.039245335998521;47.322705228858595;319631.26531024784;6703516.8929397985
Loire-Atlantique;Donges;44052;LA MEGRETAIS;FR23003;industrial;PM2.5;6001;17.0;µg/m3;horaire;2023-04-21 20:00:00;2023-04-21 21:00:00;True;-2.039245335998521;47.322705228858595;319631.26531024784;6703516.8929397985
Loire-Atlantique;Donges;44052;LA MEGRETAIS;FR23003;industrial;SO2;1;0.025;µg/m3;horaire;2023-04-21 20:00:00;2023-04-21 21:00:00;True;-2.039245335998521;47.322705228858595;319631.26531024784;6703516.8929397985
Loire-Atlantique;Donges;44052;PASTEUR;FR23004;industrial;H2S;11;0.43;µg/m3;horaire;2023-04-21 20:00:00;2023-04-21 21:00:00;True;-2.073374401966883;47.31740262661712;317020.8741071;6703094.040787983
Loire-Atlantique;Donges;44052;PASTEUR;FR23004;industrial;SO2;1;0.5;µg/m3;horaire;2023-04-21 20:00:00;2023-04-21 21:00:00;True;-2.073374401966883;47.31740262661712;317020.8741071;6703094.040787983
Loire-Atlantique;Frossay;44061;FROSSAY;FR23068;industrial;NO2;8;5.6;µg/m3;horaire;2023-04-21 20:00:00;2023-04-21 21:00:00;True;-1.9365235553956817;47.24735229625331;326851.68236097385;6694673.195316758
Loire-Atlantique;Frossay;44061;FROSSAY;FR23068;industrial;NO;38;0.025;µg/m3;horaire;2023-04-21 20:00:00;2023-04-21 21:00:00;True;-1.9365235553956817;47.24735229625331;326851.68236097385;6694673.195316758
Loire-Atlantique;Frossay;44061;FROSSAY;FR23068;industrial;NOx;9;5.7;µg/m3 eq NO2;horaire;2023-04-21 20:00:00;2023-04-21 21:00:00;True;-1.9365235553956817;47.24735229625331;326851.68236097385;6694673.195316758
Loire-Atlantique;Frossay;44061;FROSSAY;FR23068;industrial;PM10;5;21.0;µg/m3;horaire;2023-04-21 20:00:00;2023-04-21 21:00:00;True;-1.9365235553956817;47.24735229625331;326851.68236097385;6694673.195316758
Loire-Atlantique;Frossay;44061;FROSSAY;FR23068;industrial;SO2;1;0.25;µg/m3;horaire;2023-04-21 20:00:00;2023-04-21 21:00:00;True;-1.9365235553956817;47.24735229625331;326851.68236097385;6694673.195316758
Loire-Atlantique;Savenay;44195;SAVENAY;FR23069;industrial;SO2;1;0.38;µg/m3;horaire;2023-04-21 20:00:00;2023-04-21 21:00:00;True;-1.9535935295608815;47.36020691809557;326348.9822352358;6707265.42533564
Loire-Atlantique;Saint-Etienne-De-Montluc;44158;SAINT ETIENNE DE MONTLUC;FR23070;industrial;NO2;8;5.7;µg/m3;horaire;2023-04-21 20:00:00;2023-04-21 21:00:00;True;-1.7830812813449453;47.28312712300018;338676.42390903604;6697925.914501535
Loire-Atlantique;Saint-Etienne-De-Montluc;44158;SAINT ETIENNE DE MONTLUC;FR23070;industrial;NO;38;0.0;µg/m3;horaire;2023-04-21 20:00:00;2023-04-21 21:00:00;True;-1.7830812813449453;47.28312712300018;338676.42390903604;6697925.914501535
Loire-Atlantique;Saint-Etienne-De-Montluc;44158;SAINT ETIENNE DE MONTLUC;FR23070;industrial;NOx;9;5.6;µg/m3 eq NO2;horaire;2023-04-21 20:00:00;2023-04-21 21:00:00;True;-1.7830812813449453;47.28312712300018;338676.42390903604;6697925.914501535
Loire-Atlantique;Saint-Etienne-De-Montluc;44158;SAINT ETIENNE DE MONTLUC;FR23070;industrial;PM10;5;17.0;µg/m3;horaire;2023-04-21 20:00:00;2023-04-21 21:00:00;True;-1.7830812813449453;47.28312712300018;338676.42390903604;6697925.914501535
Loire-Atlantique;Saint-Etienne-De-Montluc;44158;SAINT ETIENNE DE MONTLUC;FR23070;industrial;PM2.5;6001;13.0;µg/m3;horaire;2023-04-21 20:00:00;2023-04-21 21:00:00;True;-1.7830812813449453;47.28312712300018;338676.42390903604;6697925.914501535
Loire-Atlantique;Saint-Etienne-De-Montluc;44158;SAINT ETIENNE DE MONTLUC;FR23070;industrial;SO2;1;0.1;µg/m3;horaire;2023-04-21 20:00:00;2023-04-21 21:00:00;True;-1.7830812813449453;47.28312712300018;338676.42390903604;6697925.914501535
Loire-Atlantique;Trignac;44210;JULES VERNE;FR23075;industrial;NO2;8;8.3;µg/m3;horaire;2023-04-21 20:00:00;2023-04-21 21:00:00;True;-2.1904076735030835;47.315645037165524;308186.02080619615;6703473.391126138
Loire-Atlantique;Trignac;44210;JULES VERNE;FR23075;industrial;NO;38;0.0;µg/m3;horaire;2023-04-21 20:00:00;2023-04-21 21:00:00;True;-2.1904076735030835;47.315645037165524;308186.02080619615;6703473.391126138
Loire-Atlantique;Trignac;44210;JULES VERNE;FR23075;industrial;NOx;9;8.2;µg/m3 eq NO2;horaire;2023-04-21 20:00:00;2023-04-21 21:00:00;True;-2.1904076735030835;47.315645037165524;308186.02080619615;6703473.391126138
Maine-et-Loire;Cholet;49099;SAINT EXUPERY;FR23078;background;NO2;8;13.0;µg/m3;horaire;2023-04-21 20:00:00;2023-04-21 21:00:00;True;-0.8835758137839181;47.055828646104125;405324.4925768649;6668979.670961294
Maine-et-Loire;Cholet;49099;SAINT EXUPERY;FR23078;background;NO;38;0.9;µg/m3;horaire;2023-04-21 20:00:00;2023-04-21 21:00:00;True;-0.8835758137839181;47.055828646104125;405324.4925768649;6668979.670961294
Maine-et-Loire;Cholet;49099;SAINT EXUPERY;FR23078;background;NOx;9;14.0;µg/m3 eq NO2;horaire;2023-04-21 20:00:00;2023-04-21 21:00:00;True;-0.8835758137839181;47.055828646104125;405324.4925768649;6668979.670961294
Maine-et-Loire;Cholet;49099;SAINT EXUPERY;FR23078;background;O3;7;75.0;µg/m3;horaire;2023-04-21 20:00:00;2023-04-21 21:00:00;True;-0.8835758137839181;47.055828646104125;405324.4925768649;6668979.670961294
Maine-et-Loire;Cholet;49099;SAINT EXUPERY;FR23078;background;PM10;5;13.0;µg/m3;horaire;2023-04-21 20:00:00;2023-04-21 21:00:00;True;-0.8835758137839181;47.055828646104125;405324.4925768649;6668979.670961294
Loire-Atlantique;Nantes;44109;LA CHAUVINIERE;FR23107;background;NO2;8;13.0;µg/m3;horaire;2023-04-21 20:00:00;2023-04-21 21:00:00;True;-1.5732745401793513;47.25291196744293;354313.2357701814;6693636.219563372
Loire-Atlantique;Nantes;44109;LA CHAUVINIERE;FR23107;background;NO;38;0.6;µg/m3;horaire;2023-04-21 20:00:00;2023-04-21 21:00:00;True;-1.5732745401793513;47.25291196744293;354313.2357701814;6693636.219563372
Loire-Atlantique;Nantes;44109;LA CHAUVINIERE;FR23107;background;NOx;9;14.0;µg/m3 eq NO2;horaire;2023-04-21 20:00:00;2023-04-21 21:00:00;True;-1.5732745401793513;47.25291196744293;354313.2357701814;6693636.219563372
Loire-Atlantique;Nantes;44109;LA CHAUVINIERE;FR23107;background;PM10;5;17.0;µg/m3;horaire;2023-04-21 20:00:00;2023-04-21 21:00:00;True;-1.5732745401793513;47.25291196744293;354313.2357701814;6693636.219563372
Loire-Atlantique;Nantes;44109;LA CHAUVINIERE;FR23107;background;PM2.5;6001;12.0;µg/m3;horaire;2023-04-21 20:00:00;2023-04-21 21:00:00;True;-1.5732745401793513;47.25291196744293;354313.2357701814;6693636.219563372
Loire-Atlantique;Saint-Nazaire;44184;LEON BLUM;FR23110;background;NO2;8;11.0;µg/m3;horaire;2023-04-21 20:00:00;2023-04-21 21:00:00;True;-2.2501538782724806;47.26411028437446;303302.1643903805;6698059.671526036
Loire-Atlantique;Saint-Nazaire;44184;LEON BLUM;FR23110;background;NO;38;0.43;µg/m3;horaire;2023-04-21 20:00:00;2023-04-21 21:00:00;True;-2.2501538782724806;47.26411028437446;303302.1643903805;6698059.671526036
Loire-Atlantique;Saint-Nazaire;44184;LEON BLUM;FR23110;background;NOx;9;12.0;µg/m3 eq NO2;horaire;2023-04-21 20:00:00;2023-04-21 21:00:00;True;-2.2501538782724806;47.26411028437446;303302.1643903805;6698059.671526036
Loire-Atlantique;Saint-Nazaire;44184;LEON BLUM;FR23110;background;O3;7;77.0;µg/m3;horaire;2023-04-21 20:00:00;2023-04-21 21:00:00;True;-2.2501538782724806;47.26411028437446;303302.1643903805;6698059.671526036
Loire-Atlantique;Saint-Nazaire;44184;LEON BLUM;FR23110;background;PM10;5;18.0;µg/m3;horaire;2023-04-21 20:00:00;2023-04-21 21:00:00;True;-2.2501538782724806;47.26411028437446;303302.1643903805;6698059.671526036
Loire-Atlantique;Saint-Nazaire;44184;LEON BLUM;FR23110;background;PM2.5;6001;12.0;µg/m3;horaire;2023-04-21 20:00:00;2023-04-21 21:00:00;True;-2.2501538782724806;47.26411028437446;303302.1643903805;6698059.671526036
Maine-et-Loire;Angers;49007;BEAUX ARTS;FR23120;background;NO2;8;14.0;µg/m3;horaire;2023-04-21 20:00:00;2023-04-21 21:00:00;True;-0.5559330038543386;47.46849236147444;432231.14920499554;6713600.72883131
Maine-et-Loire;Angers;49007;BEAUX ARTS;FR23120;background;NO;38;0.78;µg/m3;horaire;2023-04-21 20:00:00;2023-04-21 21:00:00;True;-0.5559330038543386;47.46849236147444;432231.14920499554;6713600.72883131
Maine-et-Loire;Angers;49007;BEAUX ARTS;FR23120;background;NOx;9;15.0;µg/m3 eq NO2;horaire;2023-04-21 20:00:00;2023-04-21 21:00:00;True;-0.5559330038543386;47.46849236147444;432231.14920499554;6713600.72883131
Maine-et-Loire;Angers;49007;BEAUX ARTS;FR23120;background;PM10;5;14.0;µg/m3;horaire;2023-04-21 20:00:00;2023-04-21 21:00:00;True;-0.5559330038543386;47.46849236147444;432231.14920499554;6713600.72883131
Maine-et-Loire;Angers;49007;BEAUX ARTS;FR23120;background;PM2.5;6001;11.0;µg/m3;horaire;2023-04-21 20:00:00;2023-04-21 21:00:00;True;-0.5559330038543386;47.46849236147444;432231.14920499554;6713600.72883131
Mayenne;Laval;53130;MAZAGRAN;FR23123;background;NO2;8;12.0;µg/m3;horaire;2023-04-21 20:00:00;2023-04-21 21:00:00;True;-0.7681529262800582;48.06936514490995;419447.0551375298;6781027.2411395665
Mayenne;Laval;53130;MAZAGRAN;FR23123;background;NO;38;0.23;µg/m3;horaire;2023-04-21 20:00:00;2023-04-21 21:00:00;True;-0.7681529262800582;48.06936514490995;419447.0551375298;6781027.2411395665
Mayenne;Laval;53130;MAZAGRAN;FR23123;background;NOx;9;12.0;µg/m3 eq NO2;horaire;2023-04-21 20:00:00;2023-04-21 21:00:00;True;-0.7681529262800582;48.06936514490995;419447.0551375298;6781027.2411395665
Mayenne;Laval;53130;MAZAGRAN;FR23123;background;O3;7;77.0;µg/m3;horaire;2023-04-21 20:00:00;2023-04-21 21:00:00;True;-0.7681529262800582;48.06936514490995;419447.0551375298;6781027.2411395665
Mayenne;Laval;53130;MAZAGRAN;FR23123;background;PM10;5;15.0;µg/m3;horaire;2023-04-21 20:00:00;2023-04-21 21:00:00;True;-0.7681529262800582;48.06936514490995;419447.0551375298;6781027.2411395665
Vendée;La Tardière;85289;LA TARDIERE;FR23124;background;NH3;35;5.6;µg/m3;horaire;2023-04-21 20:00:00;2023-04-21 21:00:00;True;-0.7433812921256286;46.65662489362803;413852.8420801177;6624178.2980740825
Vendée;La Tardière;85289;LA TARDIERE;FR23124;background;NO2;8;5.1;µg/m3;horaire;2023-04-21 20:00:00;2023-04-21 21:00:00;True;-0.7433812921256286;46.65662489362803;413852.8420801177;6624178.2980740825
Vendée;La Tardière;85289;LA TARDIERE;FR23124;background;NO;38;0.78;µg/m3;horaire;2023-04-21 20:00:00;2023-04-21 21:00:00;True;-0.7433812921256286;46.65662489362803;413852.8420801177;6624178.2980740825
Vendée;La Tardière;85289;LA TARDIERE;FR23124;background;NOx;9;6.2;µg/m3 eq NO2;horaire;2023-04-21 20:00:00;2023-04-21 21:00:00;True;-0.7433812921256286;46.65662489362803;413852.8420801177;6624178.2980740825
Vendée;La Tardière;85289;LA TARDIERE;FR23124;background;O3;7;81.0;µg/m3;horaire;2023-04-21 20:00:00;2023-04-21 21:00:00;True;-0.7433812921256286;46.65662489362803;413852.8420801177;6624178.2980740825
Vendée;La Tardière;85289;LA TARDIERE;FR23124;background;PM10;5;;µg/m3;horaire;2023-04-21 20:00:00;2023-04-21 21:00:00;False;-0.7433812921256286;46.65662489362803;413852.8420801177;6624178.2980740825
Vendée;La Tardière;85289;LA TARDIERE;FR23124;background;PM10;5;15.0;µg/m3;horaire;2023-04-21 20:00:00;2023-04-21 21:00:00;True;-0.7433812921256286;46.65662489362803;413852.8420801177;6624178.2980740825
Vendée;La Tardière;85289;LA TARDIERE;FR23124;background;PM2.5;6001;;µg/m3;horaire;2023-04-21 20:00:00;2023-04-21 21:00:00;False;-0.7433812921256286;46.65662489362803;413852.8420801177;6624178.2980740825
Loire-Atlantique;Paimbœuf;44116;CUTULLIC2;FR23149;industrial;SO2;1;1.9;µg/m3;horaire;2023-04-21 20:00:00;2023-04-21 21:00:00;True;-2.0324417113714177;47.28616795300179;319885.62629199366;6699433.757790069
Maine-et-Loire;Angers;49007;APPENTIS;FR23150;background;NO2;8;12.0;µg/m3;horaire;2023-04-21 20:00:00;2023-04-21 21:00:00;True;-0.5501000222079123;47.447336007801624;432564.4583844049;6711233.097282906
Maine-et-Loire;Angers;49007;APPENTIS;FR23150;background;NO;38;0.93;µg/m3;horaire;2023-04-21 20:00:00;2023-04-21 21:00:00;True;-0.5501000222079123;47.447336007801624;432564.4583844049;6711233.097282906
Maine-et-Loire;Angers;49007;APPENTIS;FR23150;background;NOx;9;14.0;µg/m3 eq NO2;horaire;2023-04-21 20:00:00;2023-04-21 21:00:00;True;-0.5501000222079123;47.447336007801624;432564.4583844049;6711233.097282906
Maine-et-Loire;Angers;49007;APPENTIS;FR23150;background;O3;7;84.0;µg/m3;horaire;2023-04-21 20:00:00;2023-04-21 21:00:00;True;-0.5501000222079123;47.447336007801624;432564.4583844049;6711233.097282906
Vendée;La Roche-Sur-Yon;85191;DELACROIX;FR23152;background;NO2;8;8.3;µg/m3;horaire;2023-04-21 20:00:00;2023-04-21 21:00:00;True;-1.4368610961896655;46.66064836113053;360919.2021133019;6627370.063373093
Vendée;La Roche-Sur-Yon;85191;DELACROIX;FR23152;background;NO;38;0.33;µg/m3;horaire;2023-04-21 20:00:00;2023-04-21 21:00:00;True;-1.4368610961896655;46.66064836113053;360919.2021133019;6627370.063373093
Vendée;La Roche-Sur-Yon;85191;DELACROIX;FR23152;background;NOx;9;8.8;µg/m3 eq NO2;horaire;2023-04-21 20:00:00;2023-04-21 21:00:00;True;-1.4368610961896655;46.66064836113053;360919.2021133019;6627370.063373093
Vendée;La Roche-Sur-Yon;85191;DELACROIX;FR23152;background;O3;7;76.0;µg/m3;horaire;2023-04-21 20:00:00;2023-04-21 21:00:00;True;-1.4368610961896655;46.66064836113053;360919.2021133019;6627370.063373093
Vendée;La Roche-Sur-Yon;85191;DELACROIX;FR23152;background;PM10;5;19.0;µg/m3;horaire;2023-04-21 20:00:00;2023-04-21 21:00:00;True;-1.4368610961896655;46.66064836113053;360919.2021133019;6627370.063373093
Vendée;La Roche-Sur-Yon;85191;DELACROIX;FR23152;background;PM2.5;6001;13.0;µg/m3;horaire;2023-04-21 20:00:00;2023-04-21 21:00:00;True;-1.4368610961896655;46.66064836113053;360919.2021133019;6627370.063373093
Loire-Atlantique;Bouaye;44018;EPINETTES;FR23157;background;O3;7;87.0;µg/m3;horaire;2023-04-21 20:00:00;2023-04-21 21:00:00;True;-1.6902690000000005;47.14608799999988;344775.68549371266;6682310.180873801
Sarthe;Spay;72344;FILLE;FR23163;background;O3;7;87.0;µg/m3;horaire;2023-04-21 20:00:00;2023-04-21 21:00:00;True;0.1518948064395943;47.92192248604607;487322.6743667995;6761783.716825325
Sarthe;Le Mans;72181;GUEDOU;FR23174;background;NO2;8;14.0;µg/m3;horaire;2023-04-21 20:00:00;2023-04-21 21:00:00;True;0.19605011554765286;47.98894827304624;490882.9153232856;6769108.857118812
Sarthe;Le Mans;72181;GUEDOU;FR23174;background;NO;38;0.8;µg/m3;horaire;2023-04-21 20:00:00;2023-04-21 21:00:00;True;0.19605011554765286;47.98894827304624;490882.9153232856;6769108.857118812
Sarthe;Le Mans;72181;GUEDOU;FR23174;background;NOx;9;15.0;µg/m3 eq NO2;horaire;2023-04-21 20:00:00;2023-04-21 21:00:00;True;0.19605011554765286;47.98894827304624;490882.9153232856;6769108.857118812
Maine-et-Loire;Bouchemaine;49035;CLOS DES BEAUVAIS;FR23175;background;O3;7;87.0;µg/m3;horaire;2023-04-21 20:00:00;2023-04-21 21:00:00;True;-0.6100060021346906;47.43011900354789;427967.33949541056;6709527.093695923
Mayenne;Saint-Denis-D'Anjou;53210;SAINT DENIS D'ANJOU;FR23177;background;NO;38;0.4;µg/m3;horaire;2023-04-21 20:00:00;2023-04-21 21:00:00;True;-0.4447696525665919;47.7883321330413;442146.2573931599;6748729.6000822345
Mayenne;Saint-Denis-D'Anjou;53210;SAINT DENIS D'ANJOU;FR23177;background;NO2;8;7.2;µg/m3;horaire;2023-04-21 20:00:00;2023-04-21 21:00:00;True;-0.4447696525665919;47.7883321330413;442146.2573931599;6748729.6000822345
Mayenne;Saint-Denis-D'Anjou;53210;SAINT DENIS D'ANJOU;FR23177;background;NOx;9;7.8;µg/m3 eq NO2;horaire;2023-04-21 20:00:00;2023-04-21 21:00:00;True;-0.4447696525665919;47.7883321330413;442146.2573931599;6748729.6000822345
Mayenne;Saint-Denis-D'Anjou;53210;SAINT DENIS D'ANJOU;FR23177;background;O3;7;83.0;µg/m3;horaire;2023-04-21 20:00:00;2023-04-21 21:00:00;True;-0.4447696525665919;47.7883321330413;442146.2573931599;6748729.6000822345
Mayenne;Saint-Denis-D'Anjou;53210;SAINT DENIS D'ANJOU;FR23177;background;PM10;5;18.0;µg/m3;horaire;2023-04-21 20:00:00;2023-04-21 21:00:00;True;-0.4447696525665919;47.7883321330413;442146.2573931599;6748729.6000822345
Loire-Atlantique;Donges;44052;PARSCAU DU PLESSIS;FR23178;industrial;NO;38;0.18;µg/m3;horaire;2023-04-21 20:00:00;2023-04-21 21:00:00;True;-2.06687664431583;47.318896029650766;317521.3409009125;6703228.095208768
Loire-Atlantique;Donges;44052;PARSCAU DU PLESSIS;FR23178;industrial;NO2;8;6.3;µg/m3;horaire;2023-04-21 20:00:00;2023-04-21 21:00:00;True;-2.06687664431583;47.318896029650766;317521.3409009125;6703228.095208768
Loire-Atlantique;Donges;44052;PARSCAU DU PLESSIS;FR23178;industrial;NOx;9;6.7;µg/m3 eq NO2;horaire;2023-04-21 20:00:00;2023-04-21 21:00:00;True;-2.06687664431583;47.318896029650766;317521.3409009125;6703228.095208768
Loire-Atlantique;Donges;44052;PARSCAU DU PLESSIS;FR23178;industrial;PM10;5;21.0;µg/m3;horaire;2023-04-21 20:00:00;2023-04-21 21:00:00;True;-2.06687664431583;47.318896029650766;317521.3409009125;6703228.095208768
Loire-Atlantique;Donges;44052;PARSCAU DU PLESSIS;FR23178;industrial;PM2.5;6001;16.0;µg/m3;horaire;2023-04-21 20:00:00;2023-04-21 21:00:00;True;-2.06687664431583;47.318896029650766;317521.3409009125;6703228.095208768
Loire-Atlantique;Donges;44052;PARSCAU DU PLESSIS;FR23178;industrial;SO2;1;0.0;µg/m3;horaire;2023-04-21 20:00:00;2023-04-21 21:00:00;True;-2.06687664431583;47.318896029650766;317521.3409009125;6703228.095208768
Loire-Atlantique;Saint-Nazaire;44184;PARC PAYSAGER;FR23181;background;NO;38;0.23;µg/m3;horaire;2023-04-21 20:00:00;2023-04-21 21:00:00;True;-2.2231753057476937;47.273129394194775;305403.8853541548;6698924.134703943
Loire-Atlantique;Saint-Nazaire;44184;PARC PAYSAGER;FR23181;background;NO2;8;9.6;µg/m3;horaire;2023-04-21 20:00:00;2023-04-21 21:00:00;True;-2.2231753057476937;47.273129394194775;305403.8853541548;6698924.134703943
Loire-Atlantique;Saint-Nazaire;44184;PARC PAYSAGER;FR23181;background;NOx;9;9.9;µg/m3 eq NO2;horaire;2023-04-21 20:00:00;2023-04-21 21:00:00;True;-2.2231753057476937;47.273129394194775;305403.8853541548;6698924.134703943
Loire-Atlantique;Saint-Nazaire;44184;PARC PAYSAGER;FR23181;background;SO2;1;1.8;µg/m3;horaire;2023-04-21 20:00:00;2023-04-21 21:00:00;True;-2.2231753057476937;47.273129394194775;305403.8853541548;6698924.134703943
Sarthe;Le Mans;72181;SOURCES;FR23182;background;NO2;8;10.0;µg/m3;horaire;2023-04-21 20:00:00;2023-04-21 21:00:00;True;0.2213390216306751;47.971141853614576;492698.55226572393;6767064.748575544
Sarthe;Le Mans;72181;SOURCES;FR23182;background;NO;38;0.9;µg/m3;horaire;2023-04-21 20:00:00;2023-04-21 21:00:00;True;0.2213390216306751;47.971141853614576;492698.55226572393;6767064.748575544
Sarthe;Le Mans;72181;SOURCES;FR23182;background;NOx;9;12.0;µg/m3 eq NO2;horaire;2023-04-21 20:00:00;2023-04-21 21:00:00;True;0.2213390216306751;47.971141853614576;492698.55226572393;6767064.748575544
Sarthe;Le Mans;72181;SOURCES;FR23182;background;O3;7;92.0;µg/m3;horaire;2023-04-21 20:00:00;2023-04-21 21:00:00;True;0.2213390216306751;47.971141853614576;492698.55226572393;6767064.748575544
Sarthe;Le Mans;72181;SOURCES;FR23182;background;PM10;5;13.0;µg/m3;horaire;2023-04-21 20:00:00;2023-04-21 21:00:00;True;0.2213390216306751;47.971141853614576;492698.55226572393;6767064.748575544
Sarthe;Le Mans;72181;SOURCES;FR23182;background;PM2.5;6001;8.9;µg/m3;horaire;2023-04-21 20:00:00;2023-04-21 21:00:00;True;0.2213390216306751;47.971141853614576;492698.55226572393;6767064.748575544
Loire-Atlantique;Nantes;44109;CIM BOUTEILLERIE;FR23188;background;BCwb;;24.0;%;horaire;2023-04-21 20:00:00;2023-04-21 21:00:00;True;-1.5374268258113177;47.22217589146574;356823.8361417605;6690071.409167136
Loire-Atlantique;Nantes;44109;CIM BOUTEILLERIE;FR23188;background;Hg;;0.35;ng/m3;horaire;2023-04-21 20:00:00;2023-04-21 21:00:00;True;-1.5374268258113177;47.22217589146574;356823.8361417605;6690071.409167136
Loire-Atlantique;Nantes;44109;CIM BOUTEILLERIE;FR23188;background;NO2;8;12.0;µg/m3;horaire;2023-04-21 20:00:00;2023-04-21 21:00:00;True;-1.5374268258113177;47.22217589146574;356823.8361417605;6690071.409167136
Loire-Atlantique;Nantes;44109;CIM BOUTEILLERIE;FR23188;background;NO;38;0.57;µg/m3;horaire;2023-04-21 20:00:00;2023-04-21 21:00:00;True;-1.5374268258113177;47.22217589146574;356823.8361417605;6690071.409167136
Loire-Atlantique;Nantes;44109;CIM BOUTEILLERIE;FR23188;background;NOx;9;13.0;µg/m3 eq NO2;horaire;2023-04-21 20:00:00;2023-04-21 21:00:00;True;-1.5374268258113177;47.22217589146574;356823.8361417605;6690071.409167136
Loire-Atlantique;Nantes;44109;CIM BOUTEILLERIE;FR23188;background;O3;7;77.0;µg/m3;horaire;2023-04-21 20:00:00;2023-04-21 21:00:00;True;-1.5374268258113177;47.22217589146574;356823.8361417605;6690071.409167136
Loire-Atlantique;Nantes;44109;CIM BOUTEILLERIE;FR23188;background;PM10;5;17.0;µg/m3;horaire;2023-04-21 20:00:00;2023-04-21 21:00:00;True;-1.5374268258113177;47.22217589146574;356823.8361417605;6690071.409167136
Loire-Atlantique;Nantes;44109;CIM BOUTEILLERIE;FR23188;background;PM2.5;6001;12.0;µg/m3;horaire;2023-04-21 20:00:00;2023-04-21 21:00:00;True;-1.5374268258113177;47.22217589146574;356823.8361417605;6690071.409167136
Loire-Atlantique;Nantes;44109;CIM BOUTEILLERIE;FR23188;background;PUF;;6130.0;P/cm3;horaire;2023-04-21 20:00:00;2023-04-21 21:00:00;True;-1.5374268258113177;47.22217589146574;356823.8361417605;6690071.409167136
Loire-Atlantique;Pornichet;44132;GASPARD;FR23230;background;O3;7;82.0;µg/m3;horaire;2023-04-21 20:00:00;2023-04-21 21:00:00;True;-2.3320669999999977;47.253055999964715;297039.3525861991;6697249.291127122
Loire-Atlantique;Rezé;44143;TRENTEMOULT;FR23238;specific;PM10;5;19.0;µg/m3;horaire;2023-04-21 20:00:00;2023-04-21 21:00:00;True;-1.5816779999999988;47.194146999964396;353300.20766508416;6687156.526597275
Loire-Atlantique;Rezé;44143;TRENTEMOULT;FR23238;specific;PM2.5;6001;12.0;µg/m3;horaire;2023-04-21 20:00:00;2023-04-21 21:00:00;True;-1.5816779999999988;47.194146999964396;353300.20766508416;6687156.526597275
Loire-Atlantique;Bouguenais;44020;LES COUETS;FR23239;industrial;NO2;8;20.0;µg/m3;horaire;2023-04-21 20:00:00;2023-04-21 21:00:00;True;-1.591496999999999;47.18591899996436;352504.9179813179;6686287.290819376
Loire-Atlantique;Bouguenais;44020;LES COUETS;FR23239;industrial;NO;38;0.45;µg/m3;horaire;2023-04-21 20:00:00;2023-04-21 21:00:00;True;-1.591496999999999;47.18591899996436;352504.9179813179;6686287.290819376
Loire-Atlantique;Bouguenais;44020;LES COUETS;FR23239;industrial;NOx;9;20.0;µg/m3 eq NO2;horaire;2023-04-21 20:00:00;2023-04-21 21:00:00;True;-1.591496999999999;47.18591899996436;352504.9179813179;6686287.290819376
Loire-Atlantique;Bouguenais;44020;LES COUETS;FR23239;industrial;PM10;5;20.0;µg/m3;horaire;2023-04-21 20:00:00;2023-04-21 21:00:00;True;-1.591496999999999;47.18591899996436;352504.9179813179;6686287.290819376
Loire-Atlantique;Bouguenais;44020;LES COUETS;FR23239;industrial;PM2.5;6001;9.4;µg/m3;horaire;2023-04-21 20:00:00;2023-04-21 21:00:00;True;-1.591496999999999;47.18591899996436;352504.9179813179;6686287.290819376
Maine-et-Loire;Angers;49007;ROI RENE;FR23242;traffic;NO;38;7.4;µg/m3;horaire;2023-04-21 20:00:00;2023-04-21 21:00:00;True;-0.5546410000000003;47.46693799998293;432320.60333853256;6713423.849690912
Maine-et-Loire;Angers;49007;ROI RENE;FR23242;traffic;NO2;8;29.0;µg/m3;horaire;2023-04-21 20:00:00;2023-04-21 21:00:00;True;-0.5546410000000003;47.46693799998293;432320.60333853256;6713423.849690912
Maine-et-Loire;Angers;49007;ROI RENE;FR23242;traffic;NOx;9;41.0;µg/m3 eq NO2;horaire;2023-04-21 20:00:00;2023-04-21 21:00:00;True;-0.5546410000000003;47.46693799998293;432320.60333853256;6713423.849690912
Maine-et-Loire;Angers;49007;ROI RENE;FR23242;traffic;PM10;5;16.0;µg/m3;horaire;2023-04-21 20:00:00;2023-04-21 21:00:00;True;-0.5546410000000003;47.46693799998293;432320.60333853256;6713423.849690912
Loire-Atlantique;Montoir-De-Bretagne;44103;CAMEE;FR23249;industrial;NO2;8;6.6;µg/m3;horaire;2023-04-21 20:00:00;2023-04-21 21:00:00;True;-2.1273331951941428;47.32113812654744;312980.25164916983;6703771.212179752
Loire-Atlantique;Montoir-De-Bretagne;44103;CAMEE;FR23249;industrial;NO;38;0.3;µg/m3;horaire;2023-04-21 20:00:00;2023-04-21 21:00:00;True;-2.1273331951941428;47.32113812654744;312980.25164916983;6703771.212179752
Loire-Atlantique;Montoir-De-Bretagne;44103;CAMEE;FR23249;industrial;NOx;9;7.0;µg/m3 eq NO2;horaire;2023-04-21 20:00:00;2023-04-21 21:00:00;True;-2.1273331951941428;47.32113812654744;312980.25164916983;6703771.212179752
Loire-Atlantique;Montoir-De-Bretagne;44103;CAMEE;FR23249;industrial;PM10;5;26.0;µg/m3;horaire;2023-04-21 20:00:00;2023-04-21 21:00:00;True;-2.1273331951941428;47.32113812654744;312980.25164916983;6703771.212179752
Loire-Atlantique;Montoir-De-Bretagne;44103;CAMEE;FR23249;industrial;PM2.5;6001;19.0;µg/m3;horaire;2023-04-21 20:00:00;2023-04-21 21:00:00;True;-2.1273331951941428;47.32113812654744;312980.25164916983;6703771.212179752
Loire-Atlantique;Montoir-De-Bretagne;44103;CAMEE;FR23249;industrial;SO2;1;1.8;µg/m3;horaire;2023-04-21 20:00:00;2023-04-21 21:00:00;True;-2.1273331951941428;47.32113812654744;312980.25164916983;6703771.212179752
Loire-Atlantique;Nantes;44109;FRERES GONCOURT;FR23251;traffic;C6H5-C2H5;431;0.25;µg/m3;horaire;2023-04-21 20:00:00;2023-04-21 21:00:00;True;-1.564803;47.23354499998231;354828.5774908221;6691451.497810739
Loire-Atlantique;Nantes;44109;FRERES GONCOURT;FR23251;traffic;C6H5-CH3;21;1.6;µg/m3;horaire;2023-04-21 20:00:00;2023-04-21 21:00:00;True;-1.564803;47.23354499998231;354828.5774908221;6691451.497810739
Loire-Atlantique;Nantes;44109;FRERES GONCOURT;FR23251;traffic;C6H6;20;1.4;µg/m3;horaire;2023-04-21 20:00:00;2023-04-21 21:00:00;True;-1.564803;47.23354499998231;354828.5774908221;6691451.497810739
Loire-Atlantique;Nantes;44109;FRERES GONCOURT;FR23251;traffic;CO;10;0.26;mg/m3;horaire;2023-04-21 20:00:00;2023-04-21 21:00:00;True;-1.564803;47.23354499998231;354828.5774908221;6691451.497810739
Loire-Atlantique;Nantes;44109;FRERES GONCOURT;FR23251;traffic;m,p-C6H4(CH3)2;464;0.88;µg/m3;horaire;2023-04-21 20:00:00;2023-04-21 21:00:00;True;-1.564803;47.23354499998231;354828.5774908221;6691451.497810739
Loire-Atlantique;Nantes;44109;FRERES GONCOURT;FR23251;traffic;NO;38;12.0;µg/m3;horaire;2023-04-21 20:00:00;2023-04-21 21:00:00;True;-1.564803;47.23354499998231;354828.5774908221;6691451.497810739
Loire-Atlantique;Nantes;44109;FRERES GONCOURT;FR23251;traffic;NO2;8;33.0;µg/m3;horaire;2023-04-21 20:00:00;2023-04-21 21:00:00;True;-1.564803;47.23354499998231;354828.5774908221;6691451.497810739
Loire-Atlantique;Nantes;44109;FRERES GONCOURT;FR23251;traffic;NOx;9;53.0;µg/m3 eq NO2;horaire;2023-04-21 20:00:00;2023-04-21 21:00:00;True;-1.564803;47.23354499998231;354828.5774908221;6691451.497810739
Loire-Atlantique;Nantes;44109;FRERES GONCOURT;FR23251;traffic;o-C6H4-(CH3)2;482;0.34;µg/m3;horaire;2023-04-21 20:00:00;2023-04-21 21:00:00;True;-1.564803;47.23354499998231;354828.5774908221;6691451.497810739
Loire-Atlantique;Nantes;44109;FRERES GONCOURT;FR23251;traffic;PM10;5;18.0;µg/m3;horaire;2023-04-21 20:00:00;2023-04-21 21:00:00;True;-1.564803;47.23354499998231;354828.5774908221;6691451.497810739
Loire-Atlantique;Nantes;44109;FRERES GONCOURT;FR23251;traffic;PM2.5;6001;15.0;µg/m3;horaire;2023-04-21 20:00:00;2023-04-21 21:00:00;True;-1.564803;47.23354499998231;354828.5774908221;6691451.497810739
Loire-Atlantique;Donges;44052;AMPERE;FR23001;industrial;SO2;1;0.53;µg/m3;horaire;2023-04-21 19:00:00;2023-04-21 20:00:00;True;-2.0813729293078014;47.324243646620644;316466.7822100732;6703891.209852793
Loire-Atlantique;Donges;44052;LA MEGRETAIS;FR23003;industrial;NO2;8;7.2;µg/m3;horaire;2023-04-21 19:00:00;2023-04-21 20:00:00;True;-2.039245335998521;47.322705228858595;319631.26531024784;6703516.8929397985
Loire-Atlantique;Donges;44052;LA MEGRETAIS;FR23003;industrial;NO;38;0.0;µg/m3;horaire;2023-04-21 19:00:00;2023-04-21 20:00:00;True;-2.039245335998521;47.322705228858595;319631.26531024784;6703516.8929397985
Loire-Atlantique;Donges;44052;LA MEGRETAIS;FR23003;industrial;NOx;9;6.8;µg/m3 eq NO2;horaire;2023-04-21 19:00:00;2023-04-21 20:00:00;True;-2.039245335998521;47.322705228858595;319631.26531024784;6703516.8929397985
Loire-Atlantique;Donges;44052;LA MEGRETAIS;FR23003;industrial;PM10;5;22.0;µg/m3;horaire;2023-04-21 19:00:00;2023-04-21 20:00:00;True;-2.039245335998521;47.322705228858595;319631.26531024784;6703516.8929397985
Loire-Atlantique;Donges;44052;LA MEGRETAIS;FR23003;industrial;PM2.5;6001;16.0;µg/m3;horaire;2023-04-21 19:00:00;2023-04-21 20:00:00;True;-2.039245335998521;47.322705228858595;319631.26531024784;6703516.8929397985
Loire-Atlantique;Donges;44052;LA MEGRETAIS;FR23003;industrial;SO2;1;0.1;µg/m3;horaire;2023-04-21 19:00:00;2023-04-21 20:00:00;True;-2.039245335998521;47.322705228858595;319631.26531024784;6703516.8929397985
Loire-Atlantique;Donges;44052;PASTEUR;FR23004;industrial;H2S;11;0.4;µg/m3;horaire;2023-04-21 19:00:00;2023-04-21 20:00:00;True;-2.073374401966883;47.31740262661712;317020.8741071;6703094.040787983
Loire-Atlantique;Donges;44052;PASTEUR;FR23004;industrial;SO2;1;0.6;µg/m3;horaire;2023-04-21 19:00:00;2023-04-21 20:00:00;True;-2.073374401966883;47.31740262661712;317020.8741071;6703094.040787983
Loire-Atlantique;Frossay;44061;FROSSAY;FR23068;industrial;NO2;8;6.0;µg/m3;horaire;2023-04-21 19:00:00;2023-04-21 20:00:00;True;-1.9365235553956817;47.24735229625331;326851.68236097385;6694673.195316758
Loire-Atlantique;Frossay;44061;FROSSAY;FR23068;industrial;NO;38;0.0;µg/m3;horaire;2023-04-21 19:00:00;2023-04-21 20:00:00;True;-1.9365235553956817;47.24735229625331;326851.68236097385;6694673.195316758
Loire-Atlantique;Frossay;44061;FROSSAY;FR23068;industrial;NOx;9;6.0;µg/m3 eq NO2;horaire;2023-04-21 19:00:00;2023-04-21 20:00:00;True;-1.9365235553956817;47.24735229625331;326851.68236097385;6694673.195316758
Loire-Atlantique;Frossay;44061;FROSSAY;FR23068;industrial;PM10;5;24.0;µg/m3;horaire;2023-04-21 19:00:00;2023-04-21 20:00:00;True;-1.9365235553956817;47.24735229625331;326851.68236097385;6694673.195316758
Loire-Atlantique;Frossay;44061;FROSSAY;FR23068;industrial;SO2;1;0.6;µg/m3;horaire;2023-04-21 19:00:00;2023-04-21 20:00:00;True;-1.9365235553956817;47.24735229625331;326851.68236097385;6694673.195316758
Loire-Atlantique;Savenay;44195;SAVENAY;FR23069;industrial;SO2;1;0.88;µg/m3;horaire;2023-04-21 19:00:00;2023-04-21 20:00:00;True;-1.9535935295608815;47.36020691809557;326348.9822352358;6707265.42533564
Loire-Atlantique;Saint-Etienne-De-Montluc;44158;SAINT ETIENNE DE MONTLUC;FR23070;industrial;NO2;8;6.1;µg/m3;horaire;2023-04-21 19:00:00;2023-04-21 20:00:00;True;-1.7830812813449453;47.28312712300018;338676.42390903604;6697925.914501535
Loire-Atlantique;Saint-Etienne-De-Montluc;44158;SAINT ETIENNE DE MONTLUC;FR23070;industrial;NO;38;0.0;µg/m3;horaire;2023-04-21 19:00:00;2023-04-21 20:00:00;True;-1.7830812813449453;47.28312712300018;338676.42390903604;6697925.914501535
Loire-Atlantique;Saint-Etienne-De-Montluc;44158;SAINT ETIENNE DE MONTLUC;FR23070;industrial;NOx;9;6.0;µg/m3 eq NO2;horaire;2023-04-21 19:00:00;2023-04-21 20:00:00;True;-1.7830812813449453;47.28312712300018;338676.42390903604;6697925.914501535
Loire-Atlantique;Saint-Etienne-De-Montluc;44158;SAINT ETIENNE DE MONTLUC;FR23070;industrial;PM10;5;18.0;µg/m3;horaire;2023-04-21 19:00:00;2023-04-21 20:00:00;True;-1.7830812813449453;47.28312712300018;338676.42390903604;6697925.914501535
Loire-Atlantique;Saint-Etienne-De-Montluc;44158;SAINT ETIENNE DE MONTLUC;FR23070;industrial;PM2.5;6001;13.0;µg/m3;horaire;2023-04-21 19:00:00;2023-04-21 20:00:00;True;-1.7830812813449453;47.28312712300018;338676.42390903604;6697925.914501535
Loire-Atlantique;Saint-Etienne-De-Montluc;44158;SAINT ETIENNE DE MONTLUC;FR23070;industrial;SO2;1;0.0;µg/m3;horaire;2023-04-21 19:00:00;2023-04-21 20:00:00;True;-1.7830812813449453;47.28312712300018;338676.42390903604;6697925.914501535
Loire-Atlantique;Trignac;44210;JULES VERNE;FR23075;industrial;NO2;8;13.0;µg/m3;horaire;2023-04-21 19:00:00;2023-04-21 20:00:00;True;-2.1904076735030835;47.315645037165524;308186.02080619615;6703473.391126138
Loire-Atlantique;Trignac;44210;JULES VERNE;FR23075;industrial;NO;38;0.63;µg/m3;horaire;2023-04-21 19:00:00;2023-04-21 20:00:00;True;-2.1904076735030835;47.315645037165524;308186.02080619615;6703473.391126138
Loire-Atlantique;Trignac;44210;JULES VERNE;FR23075;industrial;NOx;9;14.0;µg/m3 eq NO2;horaire;2023-04-21 19:00:00;2023-04-21 20:00:00;True;-2.1904076735030835;47.315645037165524;308186.02080619615;6703473.391126138
Maine-et-Loire;Cholet;49099;SAINT EXUPERY;FR23078;background;NO2;8;11.0;µg/m3;horaire;2023-04-21 19:00:00;2023-04-21 20:00:00;True;-0.8835758137839181;47.055828646104125;405324.4925768649;6668979.670961294
Maine-et-Loire;Cholet;49099;SAINT EXUPERY;FR23078;background;NO;38;0.7;µg/m3;horaire;2023-04-21 19:00:00;2023-04-21 20:00:00;True;-0.8835758137839181;47.055828646104125;405324.4925768649;6668979.670961294
Maine-et-Loire;Cholet;49099;SAINT EXUPERY;FR23078;background;NOx;9;12.0;µg/m3 eq NO2;horaire;2023-04-21 19:00:00;2023-04-21 20:00:00;True;-0.8835758137839181;47.055828646104125;405324.4925768649;6668979.670961294
Maine-et-Loire;Cholet;49099;SAINT EXUPERY;FR23078;background;O3;7;94.0;µg/m3;horaire;2023-04-21 19:00:00;2023-04-21 20:00:00;True;-0.8835758137839181;47.055828646104125;405324.4925768649;6668979.670961294
Maine-et-Loire;Cholet;49099;SAINT EXUPERY;FR23078;background;PM10;5;16.0;µg/m3;horaire;2023-04-21 19:00:00;2023-04-21 20:00:00;True;-0.8835758137839181;47.055828646104125;405324.4925768649;6668979.670961294
Loire-Atlantique;Nantes;44109;LA CHAUVINIERE;FR23107;background;NO2;8;13.0;µg/m3;horaire;2023-04-21 19:00:00;2023-04-21 20:00:00;True;-1.5732745401793513;47.25291196744293;354313.2357701814;6693636.219563372
Loire-Atlantique;Nantes;44109;LA CHAUVINIERE;FR23107;background;NO;38;0.68;µg/m3;horaire;2023-04-21 19:00:00;2023-04-21 20:00:00;True;-1.5732745401793513;47.25291196744293;354313.2357701814;6693636.219563372
Loire-Atlantique;Nantes;44109;LA CHAUVINIERE;FR23107;background;NOx;9;14.0;µg/m3 eq NO2;horaire;2023-04-21 19:00:00;2023-04-21 20:00:00;True;-1.5732745401793513;47.25291196744293;354313.2357701814;6693636.219563372
Loire-Atlantique;Nantes;44109;LA CHAUVINIERE;FR23107;background;PM10;5;15.0;µg/m3;horaire;2023-04-21 19:00:00;2023-04-21 20:00:00;True;-1.5732745401793513;47.25291196744293;354313.2357701814;6693636.219563372
Loire-Atlantique;Nantes;44109;LA CHAUVINIERE;FR23107;background;PM2.5;6001;11.0;µg/m3;horaire;2023-04-21 19:00:00;2023-04-21 20:00:00;True;-1.5732745401793513;47.25291196744293;354313.2357701814;6693636.219563372
Loire-Atlantique;Saint-Nazaire;44184;LEON BLUM;FR23110;background;NO2;8;9.8;µg/m3;horaire;2023-04-21 19:00:00;2023-04-21 20:00:00;True;-2.2501538782724806;47.26411028437446;303302.1643903805;6698059.671526036
Loire-Atlantique;Saint-Nazaire;44184;LEON BLUM;FR23110;background;NO;38;0.35;µg/m3;horaire;2023-04-21 19:00:00;2023-04-21 20:00:00;True;-2.2501538782724806;47.26411028437446;303302.1643903805;6698059.671526036
Loire-Atlantique;Saint-Nazaire;44184;LEON BLUM;FR23110;background;NOx;9;10.0;µg/m3 eq NO2;horaire;2023-04-21 19:00:00;2023-04-21 20:00:00;True;-2.2501538782724806;47.26411028437446;303302.1643903805;6698059.671526036
Loire-Atlantique;Saint-Nazaire;44184;LEON BLUM;FR23110;background;O3;7;85.0;µg/m3;horaire;2023-04-21 19:00:00;2023-04-21 20:00:00;True;-2.2501538782724806;47.26411028437446;303302.1643903805;6698059.671526036
Loire-Atlantique;Saint-Nazaire;44184;LEON BLUM;FR23110;background;PM10;5;19.0;µg/m3;horaire;2023-04-21 19:00:00;2023-04-21 20:00:00;True;-2.2501538782724806;47.26411028437446;303302.1643903805;6698059.671526036
Loire-Atlantique;Saint-Nazaire;44184;LEON BLUM;FR23110;background;PM2.5;6001;9.6;µg/m3;horaire;2023-04-21 19:00:00;2023-04-21 20:00:00;True;-2.2501538782724806;47.26411028437446;303302.1643903805;6698059.671526036
Maine-et-Loire;Angers;49007;BEAUX ARTS;FR23120;background;NO2;8;12.0;µg/m3;horaire;2023-04-21 19:00:00;2023-04-21 20:00:00;True;-0.5559330038543386;47.46849236147444;432231.14920499554;6713600.72883131
Maine-et-Loire;Angers;49007;BEAUX ARTS;FR23120;background;NO;38;0.75;µg/m3;horaire;2023-04-21 19:00:00;2023-04-21 20:00:00;True;-0.5559330038543386;47.46849236147444;432231.14920499554;6713600.72883131
Maine-et-Loire;Angers;49007;BEAUX ARTS;FR23120;background;NOx;9;14.0;µg/m3 eq NO2;horaire;2023-04-21 19:00:00;2023-04-21 20:00:00;True;-0.5559330038543386;47.46849236147444;432231.14920499554;6713600.72883131
Maine-et-Loire;Angers;49007;BEAUX ARTS;FR23120;background;PM10;5;14.0;µg/m3;horaire;2023-04-21 19:00:00;2023-04-21 20:00:00;True;-0.5559330038543386;47.46849236147444;432231.14920499554;6713600.72883131
Maine-et-Loire;Angers;49007;BEAUX ARTS;FR23120;background;PM2.5;6001;11.0;µg/m3;horaire;2023-04-21 19:00:00;2023-04-21 20:00:00;True;-0.5559330038543386;47.46849236147444;432231.14920499554;6713600.72883131
Mayenne;Laval;53130;MAZAGRAN;FR23123;background;NO2;8;9.3;µg/m3;horaire;2023-04-21 19:00:00;2023-04-21 20:00:00;True;-0.7681529262800582;48.06936514490995;419447.0551375298;6781027.2411395665
Mayenne;Laval;53130;MAZAGRAN;FR23123;background;NO;38;0.3;µg/m3;horaire;2023-04-21 19:00:00;2023-04-21 20:00:00;True;-0.7681529262800582;48.06936514490995;419447.0551375298;6781027.2411395665
Mayenne;Laval;53130;MAZAGRAN;FR23123;background;NOx;9;9.8;µg/m3 eq NO2;horaire;2023-04-21 19:00:00;2023-04-21 20:00:00;True;-0.7681529262800582;48.06936514490995;419447.0551375298;6781027.2411395665
Mayenne;Laval;53130;MAZAGRAN;FR23123;background;O3;7;83.0;µg/m3;horaire;2023-04-21 19:00:00;2023-04-21 20:00:00;True;-0.7681529262800582;48.06936514490995;419447.0551375298;6781027.2411395665
Mayenne;Laval;53130;MAZAGRAN;FR23123;background;PM10;5;13.0;µg/m3;horaire;2023-04-21 19:00:00;2023-04-21 20:00:00;True;-0.7681529262800582;48.06936514490995;419447.0551375298;6781027.2411395665
Vendée;La Tardière;85289;LA TARDIERE;FR23124;background;NH3;35;5.2;µg/m3;horaire;2023-04-21 19:00:00;2023-04-21 20:00:00;True;-0.7433812921256286;46.65662489362803;413852.8420801177;6624178.2980740825
Vendée;La Tardière;85289;LA TARDIERE;FR23124;background;NO2;8;5.0;µg/m3;horaire;2023-04-21 19:00:00;2023-04-21 20:00:00;True;-0.7433812921256286;46.65662489362803;413852.8420801177;6624178.2980740825
Vendée;La Tardière;85289;LA TARDIERE;FR23124;background;NO;38;0.83;µg/m3;horaire;2023-04-21 19:00:00;2023-04-21 20:00:00;True;-0.7433812921256286;46.65662489362803;413852.8420801177;6624178.2980740825
Vendée;La Tardière;85289;LA TARDIERE;FR23124;background;NOx;9;6.2;µg/m3 eq NO2;horaire;2023-04-21 19:00:00;2023-04-21 20:00:00;True;-0.7433812921256286;46.65662489362803;413852.8420801177;6624178.2980740825
Vendée;La Tardière;85289;LA TARDIERE;FR23124;background;O3;7;81.0;µg/m3;horaire;2023-04-21 19:00:00;2023-04-21 20:00:00;True;-0.7433812921256286;46.65662489362803;413852.8420801177;6624178.2980740825
Vendée;La Tardière;85289;LA TARDIERE;FR23124;background;PM10;5;;µg/m3;horaire;2023-04-21 19:00:00;2023-04-21 20:00:00;False;-0.7433812921256286;46.65662489362803;413852.8420801177;6624178.2980740825
Vendée;La Tardière;85289;LA TARDIERE;FR23124;background;PM10;5;17.0;µg/m3;horaire;2023-04-21 19:00:00;2023-04-21 20:00:00;True;-0.7433812921256286;46.65662489362803;413852.8420801177;6624178.2980740825
Vendée;La Tardière;85289;LA TARDIERE;FR23124;background;PM2.5;6001;;µg/m3;horaire;2023-04-21 19:00:00;2023-04-21 20:00:00;False;-0.7433812921256286;46.65662489362803;413852.8420801177;6624178.2980740825
Loire-Atlantique;Paimbœuf;44116;CUTULLIC2;FR23149;industrial;SO2;1;2.1;µg/m3;horaire;2023-04-21 19:00:00;2023-04-21 20:00:00;True;-2.0324417113714177;47.28616795300179;319885.62629199366;6699433.757790069
Maine-et-Loire;Angers;49007;APPENTIS;FR23150;background;NO2;8;10.0;µg/m3;horaire;2023-04-21 19:00:00;2023-04-21 20:00:00;True;-0.5501000222079123;47.447336007801624;432564.4583844049;6711233.097282906
Maine-et-Loire;Angers;49007;APPENTIS;FR23150;background;NO;38;0.85;µg/m3;horaire;2023-04-21 19:00:00;2023-04-21 20:00:00;True;-0.5501000222079123;47.447336007801624;432564.4583844049;6711233.097282906
Maine-et-Loire;Angers;49007;APPENTIS;FR23150;background;NOx;9;11.0;µg/m3 eq NO2;horaire;2023-04-21 19:00:00;2023-04-21 20:00:00;True;-0.5501000222079123;47.447336007801624;432564.4583844049;6711233.097282906
Maine-et-Loire;Angers;49007;APPENTIS;FR23150;background;O3;7;90.0;µg/m3;horaire;2023-04-21 19:00:00;2023-04-21 20:00:00;True;-0.5501000222079123;47.447336007801624;432564.4583844049;6711233.097282906
Vendée;La Roche-Sur-Yon;85191;DELACROIX;FR23152;background;NO2;8;8.7;µg/m3;horaire;2023-04-21 19:00:00;2023-04-21 20:00:00;True;-1.4368610961896655;46.66064836113053;360919.2021133019;6627370.063373093
Vendée;La Roche-Sur-Yon;85191;DELACROIX;FR23152;background;NO;38;0.53;µg/m3;horaire;2023-04-21 19:00:00;2023-04-21 20:00:00;True;-1.4368610961896655;46.66064836113053;360919.2021133019;6627370.063373093
Vendée;La Roche-Sur-Yon;85191;DELACROIX;FR23152;background;NOx;9;9.5;µg/m3 eq NO2;horaire;2023-04-21 19:00:00;2023-04-21 20:00:00;True;-1.4368610961896655;46.66064836113053;360919.2021133019;6627370.063373093
Vendée;La Roche-Sur-Yon;85191;DELACROIX;FR23152;background;O3;7;77.0;µg/m3;horaire;2023-04-21 19:00:00;2023-04-21 20:00:00;True;-1.4368610961896655;46.66064836113053;360919.2021133019;6627370.063373093
Vendée;La Roche-Sur-Yon;85191;DELACROIX;FR23152;background;PM10;5;23.0;µg/m3;horaire;2023-04-21 19:00:00;2023-04-21 20:00:00;True;-1.4368610961896655;46.66064836113053;360919.2021133019;6627370.063373093
Vendée;La Roche-Sur-Yon;85191;DELACROIX;FR23152;background;PM2.5;6001;15.0;µg/m3;horaire;2023-04-21 19:00:00;2023-04-21 20:00:00;True;-1.4368610961896655;46.66064836113053;360919.2021133019;6627370.063373093
Loire-Atlantique;Bouaye;44018;EPINETTES;FR23157;background;O3;7;90.0;µg/m3;horaire;2023-04-21 19:00:00;2023-04-21 20:00:00;True;-1.6902690000000005;47.14608799999988;344775.68549371266;6682310.180873801
Sarthe;Spay;72344;FILLE;FR23163;background;O3;7;91.0;µg/m3;horaire;2023-04-21 19:00:00;2023-04-21 20:00:00;True;0.1518948064395943;47.92192248604607;487322.6743667995;6761783.716825325
Sarthe;Le Mans;72181;GUEDOU;FR23174;background;NO2;8;15.0;µg/m3;horaire;2023-04-21 19:00:00;2023-04-21 20:00:00;True;0.19605011554765286;47.98894827304624;490882.9153232856;6769108.857118812
Sarthe;Le Mans;72181;GUEDOU;FR23174;background;NO;38;0.85;µg/m3;horaire;2023-04-21 19:00:00;2023-04-21 20:00:00;True;0.19605011554765286;47.98894827304624;490882.9153232856;6769108.857118812
Sarthe;Le Mans;72181;GUEDOU;FR23174;background;NOx;9;17.0;µg/m3 eq NO2;horaire;2023-04-21 19:00:00;2023-04-21 20:00:00;True;0.19605011554765286;47.98894827304624;490882.9153232856;6769108.857118812
Maine-et-Loire;Bouchemaine;49035;CLOS DES BEAUVAIS;FR23175;background;O3;7;90.0;µg/m3;horaire;2023-04-21 19:00:00;2023-04-21 20:00:00;True;-0.6100060021346906;47.43011900354789;427967.33949541056;6709527.093695923
Mayenne;Saint-Denis-D'Anjou;53210;SAINT DENIS D'ANJOU;FR23177;background;NO;38;0.4;µg/m3;horaire;2023-04-21 19:00:00;2023-04-21 20:00:00;True;-0.4447696525665919;47.7883321330413;442146.2573931599;6748729.6000822345
Mayenne;Saint-Denis-D'Anjou;53210;SAINT DENIS D'ANJOU;FR23177;background;NO2;8;6.6;µg/m3;horaire;2023-04-21 19:00:00;2023-04-21 20:00:00;True;-0.4447696525665919;47.7883321330413;442146.2573931599;6748729.6000822345
Mayenne;Saint-Denis-D'Anjou;53210;SAINT DENIS D'ANJOU;FR23177;background;NOx;9;7.2;µg/m3 eq NO2;horaire;2023-04-21 19:00:00;2023-04-21 20:00:00;True;-0.4447696525665919;47.7883321330413;442146.2573931599;6748729.6000822345
Mayenne;Saint-Denis-D'Anjou;53210;SAINT DENIS D'ANJOU;FR23177;background;O3;7;84.0;µg/m3;horaire;2023-04-21 19:00:00;2023-04-21 20:00:00;True;-0.4447696525665919;47.7883321330413;442146.2573931599;6748729.6000822345
Mayenne;Saint-Denis-D'Anjou;53210;SAINT DENIS D'ANJOU;FR23177;background;PM10;5;12.0;µg/m3;horaire;2023-04-21 19:00:00;2023-04-21 20:00:00;True;-0.4447696525665919;47.7883321330413;442146.2573931599;6748729.6000822345
Loire-Atlantique;Donges;44052;PARSCAU DU PLESSIS;FR23178;industrial;NO;38;0.28;µg/m3;horaire;2023-04-21 19:00:00;2023-04-21 20:00:00;True;-2.06687664431583;47.318896029650766;317521.3409009125;6703228.095208768
Loire-Atlantique;Donges;44052;PARSCAU DU PLESSIS;FR23178;industrial;NO2;8;6.8;µg/m3;horaire;2023-04-21 19:00:00;2023-04-21 20:00:00;True;-2.06687664431583;47.318896029650766;317521.3409009125;6703228.095208768
Loire-Atlantique;Donges;44052;PARSCAU DU PLESSIS;FR23178;industrial;NOx;9;7.2;µg/m3 eq NO2;horaire;2023-04-21 19:00:00;2023-04-21 20:00:00;True;-2.06687664431583;47.318896029650766;317521.3409009125;6703228.095208768
Loire-Atlantique;Donges;44052;PARSCAU DU PLESSIS;FR23178;industrial;PM10;5;20.0;µg/m3;horaire;2023-04-21 19:00:00;2023-04-21 20:00:00;True;-2.06687664431583;47.318896029650766;317521.3409009125;6703228.095208768
Loire-Atlantique;Donges;44052;PARSCAU DU PLESSIS;FR23178;industrial;PM2.5;6001;15.0;µg/m3;horaire;2023-04-21 19:00:00;2023-04-21 20:00:00;True;-2.06687664431583;47.318896029650766;317521.3409009125;6703228.095208768
Loire-Atlantique;Donges;44052;PARSCAU DU PLESSIS;FR23178;industrial;SO2;1;0.0;µg/m3;horaire;2023-04-21 19:00:00;2023-04-21 20:00:00;True;-2.06687664431583;47.318896029650766;317521.3409009125;6703228.095208768
Loire-Atlantique;Saint-Nazaire;44184;PARC PAYSAGER;FR23181;background;NO;38;0.25;µg/m3;horaire;2023-04-21 19:00:00;2023-04-21 20:00:00;True;-2.2231753057476937;47.273129394194775;305403.8853541548;6698924.134703943
Loire-Atlantique;Saint-Nazaire;44184;PARC PAYSAGER;FR23181;background;NO2;8;11.0;µg/m3;horaire;2023-04-21 19:00:00;2023-04-21 20:00:00;True;-2.2231753057476937;47.273129394194775;305403.8853541548;6698924.134703943
Loire-Atlantique;Saint-Nazaire;44184;PARC PAYSAGER;FR23181;background;NOx;9;12.0;µg/m3 eq NO2;horaire;2023-04-21 19:00:00;2023-04-21 20:00:00;True;-2.2231753057476937;47.273129394194775;305403.8853541548;6698924.134703943
Loire-Atlantique;Saint-Nazaire;44184;PARC PAYSAGER;FR23181;background;SO2;1;1.9;µg/m3;horaire;2023-04-21 19:00:00;2023-04-21 20:00:00;True;-2.2231753057476937;47.273129394194775;305403.8853541548;6698924.134703943
Sarthe;Le Mans;72181;SOURCES;FR23182;background;NO2;8;7.1;µg/m3;horaire;2023-04-21 19:00:00;2023-04-21 20:00:00;True;0.2213390216306751;47.971141853614576;492698.55226572393;6767064.748575544
Sarthe;Le Mans;72181;SOURCES;FR23182;background;NO;38;0.93;µg/m3;horaire;2023-04-21 19:00:00;2023-04-21 20:00:00;True;0.2213390216306751;47.971141853614576;492698.55226572393;6767064.748575544
Sarthe;Le Mans;72181;SOURCES;FR23182;background;NOx;9;8.5;µg/m3 eq NO2;horaire;2023-04-21 19:00:00;2023-04-21 20:00:00;True;0.2213390216306751;47.971141853614576;492698.55226572393;6767064.748575544
Sarthe;Le Mans;72181;SOURCES;FR23182;background;O3;7;99.0;µg/m3;horaire;2023-04-21 19:00:00;2023-04-21 20:00:00;True;0.2213390216306751;47.971141853614576;492698.55226572393;6767064.748575544
Sarthe;Le Mans;72181;SOURCES;FR23182;background;PM10;5;13.0;µg/m3;horaire;2023-04-21 19:00:00;2023-04-21 20:00:00;True;0.2213390216306751;47.971141853614576;492698.55226572393;6767064.748575544
Sarthe;Le Mans;72181;SOURCES;FR23182;background;PM2.5;6001;10.0;µg/m3;horaire;2023-04-21 19:00:00;2023-04-21 20:00:00;True;0.2213390216306751;47.971141853614576;492698.55226572393;6767064.748575544
Loire-Atlantique;Nantes;44109;CIM BOUTEILLERIE;FR23188;background;BCwb;;21.0;%;horaire;2023-04-21 19:00:00;2023-04-21 20:00:00;True;-1.5374268258113177;47.22217589146574;356823.8361417605;6690071.409167136
Loire-Atlantique;Nantes;44109;CIM BOUTEILLERIE;FR23188;background;Hg;;0.33;ng/m3;horaire;2023-04-21 19:00:00;2023-04-21 20:00:00;True;-1.5374268258113177;47.22217589146574;356823.8361417605;6690071.409167136
Loire-Atlantique;Nantes;44109;CIM BOUTEILLERIE;FR23188;background;NO2;8;12.0;µg/m3;horaire;2023-04-21 19:00:00;2023-04-21 20:00:00;True;-1.5374268258113177;47.22217589146574;356823.8361417605;6690071.409167136
Loire-Atlantique;Nantes;44109;CIM BOUTEILLERIE;FR23188;background;NO;38;0.78;µg/m3;horaire;2023-04-21 19:00:00;2023-04-21 20:00:00;True;-1.5374268258113177;47.22217589146574;356823.8361417605;6690071.409167136
Loire-Atlantique;Nantes;44109;CIM BOUTEILLERIE;FR23188;background;NOx;9;13.0;µg/m3 eq NO2;horaire;2023-04-21 19:00:00;2023-04-21 20:00:00;True;-1.5374268258113177;47.22217589146574;356823.8361417605;6690071.409167136
Loire-Atlantique;Nantes;44109;CIM BOUTEILLERIE;FR23188;background;O3;7;83.0;µg/m3;horaire;2023-04-21 19:00:00;2023-04-21 20:00:00;True;-1.5374268258113177;47.22217589146574;356823.8361417605;6690071.409167136
Loire-Atlantique;Nantes;44109;CIM BOUTEILLERIE;FR23188;background;PM10;5;15.0;µg/m3;horaire;2023-04-21 19:00:00;2023-04-21 20:00:00;True;-1.5374268258113177;47.22217589146574;356823.8361417605;6690071.409167136
Loire-Atlantique;Nantes;44109;CIM BOUTEILLERIE;FR23188;background;PM2.5;6001;11.0;µg/m3;horaire;2023-04-21 19:00:00;2023-04-21 20:00:00;True;-1.5374268258113177;47.22217589146574;356823.8361417605;6690071.409167136
Loire-Atlantique;Nantes;44109;CIM BOUTEILLERIE;FR23188;background;PUF;;6003.0;P/cm3;horaire;2023-04-21 19:00:00;2023-04-21 20:00:00;True;-1.5374268258113177;47.22217589146574;356823.8361417605;6690071.409167136
Loire-Atlantique;Pornichet;44132;GASPARD;FR23230;background;O3;7;84.0;µg/m3;horaire;2023-04-21 19:00:00;2023-04-21 20:00:00;True;-2.3320669999999977;47.253055999964715;297039.3525861991;6697249.291127122
Loire-Atlantique;Rezé;44143;TRENTEMOULT;FR23238;specific;PM10;5;18.0;µg/m3;horaire;2023-04-21 19:00:00;2023-04-21 20:00:00;True;-1.5816779999999988;47.194146999964396;353300.20766508416;6687156.526597275
Loire-Atlantique;Rezé;44143;TRENTEMOULT;FR23238;specific;PM2.5;6001;13.0;µg/m3;horaire;2023-04-21 19:00:00;2023-04-21 20:00:00;True;-1.5816779999999988;47.194146999964396;353300.20766508416;6687156.526597275
Loire-Atlantique;Bouguenais;44020;LES COUETS;FR23239;industrial;NO2;8;18.0;µg/m3;horaire;2023-04-21 19:00:00;2023-04-21 20:00:00;True;-1.591496999999999;47.18591899996436;352504.9179813179;6686287.290819376
Loire-Atlantique;Bouguenais;44020;LES COUETS;FR23239;industrial;NO;38;0.55;µg/m3;horaire;2023-04-21 19:00:00;2023-04-21 20:00:00;True;-1.591496999999999;47.18591899996436;352504.9179813179;6686287.290819376
Loire-Atlantique;Bouguenais;44020;LES COUETS;FR23239;industrial;NOx;9;19.0;µg/m3 eq NO2;horaire;2023-04-21 19:00:00;2023-04-21 20:00:00;True;-1.591496999999999;47.18591899996436;352504.9179813179;6686287.290819376
Loire-Atlantique;Bouguenais;44020;LES COUETS;FR23239;industrial;PM10;5;15.0;µg/m3;horaire;2023-04-21 19:00:00;2023-04-21 20:00:00;True;-1.591496999999999;47.18591899996436;352504.9179813179;6686287.290819376
Loire-Atlantique;Bouguenais;44020;LES COUETS;FR23239;industrial;PM2.5;6001;9.2;µg/m3;horaire;2023-04-21 19:00:00;2023-04-21 20:00:00;True;-1.591496999999999;47.18591899996436;352504.9179813179;6686287.290819376
Maine-et-Loire;Angers;49007;ROI RENE;FR23242;traffic;NO;38;4.2;µg/m3;horaire;2023-04-21 19:00:00;2023-04-21 20:00:00;True;-0.5546410000000003;47.46693799998293;432320.60333853256;6713423.849690912
Maine-et-Loire;Angers;49007;ROI RENE;FR23242;traffic;NO2;8;21.0;µg/m3;horaire;2023-04-21 19:00:00;2023-04-21 20:00:00;True;-0.5546410000000003;47.46693799998293;432320.60333853256;6713423.849690912
Maine-et-Loire;Angers;49007;ROI RENE;FR23242;traffic;NOx;9;27.0;µg/m3 eq NO2;horaire;2023-04-21 19:00:00;2023-04-21 20:00:00;True;-0.5546410000000003;47.46693799998293;432320.60333853256;6713423.849690912
Maine-et-Loire;Angers;49007;ROI RENE;FR23242;traffic;PM10;5;16.0;µg/m3;horaire;2023-04-21 19:00:00;2023-04-21 20:00:00;True;-0.5546410000000003;47.46693799998293;432320.60333853256;6713423.849690912
Loire-Atlantique;Montoir-De-Bretagne;44103;CAMEE;FR23249;industrial;NO2;8;7.7;µg/m3;horaire;2023-04-21 19:00:00;2023-04-21 20:00:00;True;-2.1273331951941428;47.32113812654744;312980.25164916983;6703771.212179752
Loire-Atlantique;Montoir-De-Bretagne;44103;CAMEE;FR23249;industrial;NO;38;0.28;µg/m3;horaire;2023-04-21 19:00:00;2023-04-21 20:00:00;True;-2.1273331951941428;47.32113812654744;312980.25164916983;6703771.212179752
Loire-Atlantique;Montoir-De-Bretagne;44103;CAMEE;FR23249;industrial;NOx;9;8.2;µg/m3 eq NO2;horaire;2023-04-21 19:00:00;2023-04-21 20:00:00;True;-2.1273331951941428;47.32113812654744;312980.25164916983;6703771.212179752
Loire-Atlantique;Montoir-De-Bretagne;44103;CAMEE;FR23249;industrial;PM10;5;21.0;µg/m3;horaire;2023-04-21 19:00:00;2023-04-21 20:00:00;True;-2.1273331951941428;47.32113812654744;312980.25164916983;6703771.212179752
Loire-Atlantique;Montoir-De-Bretagne;44103;CAMEE;FR23249;industrial;PM2.5;6001;16.0;µg/m3;horaire;2023-04-21 19:00:00;2023-04-21 20:00:00;True;-2.1273331951941428;47.32113812654744;312980.25164916983;6703771.212179752
Loire-Atlantique;Montoir-De-Bretagne;44103;CAMEE;FR23249;industrial;SO2;1;1.3;µg/m3;horaire;2023-04-21 19:00:00;2023-04-21 20:00:00;True;-2.1273331951941428;47.32113812654744;312980.25164916983;6703771.212179752
Loire-Atlantique;Nantes;44109;FRERES GONCOURT;FR23251;traffic;C6H5-C2H5;431;0.27;µg/m3;horaire;2023-04-21 19:00:00;2023-04-21 20:00:00;True;-1.564803;47.23354499998231;354828.5774908221;6691451.497810739
Loire-Atlantique;Nantes;44109;FRERES GONCOURT;FR23251;traffic;C6H5-CH3;21;1.8;µg/m3;horaire;2023-04-21 19:00:00;2023-04-21 20:00:00;True;-1.564803;47.23354499998231;354828.5774908221;6691451.497810739
Loire-Atlantique;Nantes;44109;FRERES GONCOURT;FR23251;traffic;C6H6;20;1.1;µg/m3;horaire;2023-04-21 19:00:00;2023-04-21 20:00:00;True;-1.564803;47.23354499998231;354828.5774908221;6691451.497810739
Loire-Atlantique;Nantes;44109;FRERES GONCOURT;FR23251;traffic;CO;10;0.28;mg/m3;horaire;2023-04-21 19:00:00;2023-04-21 20:00:00;True;-1.564803;47.23354499998231;354828.5774908221;6691451.497810739
Loire-Atlantique;Nantes;44109;FRERES GONCOURT;FR23251;traffic;m,p-C6H4(CH3)2;464;0.97;µg/m3;horaire;2023-04-21 19:00:00;2023-04-21 20:00:00;True;-1.564803;47.23354499998231;354828.5774908221;6691451.497810739
Loire-Atlantique;Nantes;44109;FRERES GONCOURT;FR23251;traffic;NO;38;14.0;µg/m3;horaire;2023-04-21 19:00:00;2023-04-21 20:00:00;True;-1.564803;47.23354499998231;354828.5774908221;6691451.497810739
Loire-Atlantique;Nantes;44109;FRERES GONCOURT;FR23251;traffic;NO2;8;34.0;µg/m3;horaire;2023-04-21 19:00:00;2023-04-21 20:00:00;True;-1.564803;47.23354499998231;354828.5774908221;6691451.497810739
Loire-Atlantique;Nantes;44109;FRERES GONCOURT;FR23251;traffic;NOx;9;56.0;µg/m3 eq NO2;horaire;2023-04-21 19:00:00;2023-04-21 20:00:00;True;-1.564803;47.23354499998231;354828.5774908221;6691451.497810739
Loire-Atlantique;Nantes;44109;FRERES GONCOURT;FR23251;traffic;o-C6H4-(CH3)2;482;0.37;µg/m3;horaire;2023-04-21 19:00:00;2023-04-21 20:00:00;True;-1.564803;47.23354499998231;354828.5774908221;6691451.497810739
Loire-Atlantique;Nantes;44109;FRERES GONCOURT;FR23251;traffic;PM10;5;20.0;µg/m3;horaire;2023-04-21 19:00:00;2023-04-21 20:00:00;True;-1.564803;47.23354499998231;354828.5774908221;6691451.497810739
Loire-Atlantique;Nantes;44109;FRERES GONCOURT;FR23251;traffic;PM2.5;6001;15.0;µg/m3;horaire;2023-04-21 19:00:00;2023-04-21 20:00:00;True;-1.564803;47.23354499998231;354828.5774908221;6691451.497810739
Loire-Atlantique;Donges;44052;AMPERE;FR23001;industrial;SO2;1;0.3;µg/m3;horaire;2023-04-21 18:00:00;2023-04-21 19:00:00;True;-2.0813729293078014;47.324243646620644;316466.7822100732;6703891.209852793
Loire-Atlantique;Donges;44052;LA MEGRETAIS;FR23003;industrial;NO2;8;6.5;µg/m3;horaire;2023-04-21 18:00:00;2023-04-21 19:00:00;True;-2.039245335998521;47.322705228858595;319631.26531024784;6703516.8929397985
Loire-Atlantique;Donges;44052;LA MEGRETAIS;FR23003;industrial;NO;38;0.05;µg/m3;horaire;2023-04-21 18:00:00;2023-04-21 19:00:00;True;-2.039245335998521;47.322705228858595;319631.26531024784;6703516.8929397985
Loire-Atlantique;Donges;44052;LA MEGRETAIS;FR23003;industrial;NOx;9;6.6;µg/m3 eq NO2;horaire;2023-04-21 18:00:00;2023-04-21 19:00:00;True;-2.039245335998521;47.322705228858595;319631.26531024784;6703516.8929397985
Loire-Atlantique;Donges;44052;LA MEGRETAIS;FR23003;industrial;PM10;5;24.0;µg/m3;horaire;2023-04-21 18:00:00;2023-04-21 19:00:00;True;-2.039245335998521;47.322705228858595;319631.26531024784;6703516.8929397985
Loire-Atlantique;Donges;44052;LA MEGRETAIS;FR23003;industrial;PM2.5;6001;16.0;µg/m3;horaire;2023-04-21 18:00:00;2023-04-21 19:00:00;True;-2.039245335998521;47.322705228858595;319631.26531024784;6703516.8929397985
Loire-Atlantique;Donges;44052;LA MEGRETAIS;FR23003;industrial;SO2;1;0.075;µg/m3;horaire;2023-04-21 18:00:00;2023-04-21 19:00:00;True;-2.039245335998521;47.322705228858595;319631.26531024784;6703516.8929397985
Loire-Atlantique;Donges;44052;PASTEUR;FR23004;industrial;H2S;11;0.35;µg/m3;horaire;2023-04-21 18:00:00;2023-04-21 19:00:00;True;-2.073374401966883;47.31740262661712;317020.8741071;6703094.040787983
Loire-Atlantique;Donges;44052;PASTEUR;FR23004;industrial;SO2;1;0.68;µg/m3;horaire;2023-04-21 18:00:00;2023-04-21 19:00:00;True;-2.073374401966883;47.31740262661712;317020.8741071;6703094.040787983
Loire-Atlantique;Frossay;44061;FROSSAY;FR23068;industrial;NO2;8;6.4;µg/m3;horaire;2023-04-21 18:00:00;2023-04-21 19:00:00;True;-1.9365235553956817;47.24735229625331;326851.68236097385;6694673.195316758
Loire-Atlantique;Frossay;44061;FROSSAY;FR23068;industrial;NO;38;0.3;µg/m3;horaire;2023-04-21 18:00:00;2023-04-21 19:00:00;True;-1.9365235553956817;47.24735229625331;326851.68236097385;6694673.195316758
Loire-Atlantique;Frossay;44061;FROSSAY;FR23068;industrial;NOx;9;6.8;µg/m3 eq NO2;horaire;2023-04-21 18:00:00;2023-04-21 19:00:00;True;-1.9365235553956817;47.24735229625331;326851.68236097385;6694673.195316758
Loire-Atlantique;Frossay;44061;FROSSAY;FR23068;industrial;PM10;5;23.0;µg/m3;horaire;2023-04-21 18:00:00;2023-04-21 19:00:00;True;-1.9365235553956817;47.24735229625331;326851.68236097385;6694673.195316758
Loire-Atlantique;Frossay;44061;FROSSAY;FR23068;industrial;SO2;1;0.38;µg/m3;horaire;2023-04-21 18:00:00;2023-04-21 19:00:00;True;-1.9365235553956817;47.24735229625331;326851.68236097385;6694673.195316758
Loire-Atlantique;Savenay;44195;SAVENAY;FR23069;industrial;SO2;1;0.85;µg/m3;horaire;2023-04-21 18:00:00;2023-04-21 19:00:00;True;-1.9535935295608815;47.36020691809557;326348.9822352358;6707265.42533564
Loire-Atlantique;Saint-Etienne-De-Montluc;44158;SAINT ETIENNE DE MONTLUC;FR23070;industrial;NO2;8;5.0;µg/m3;horaire;2023-04-21 18:00:00;2023-04-21 19:00:00;True;-1.7830812813449453;47.28312712300018;338676.42390903604;6697925.914501535
Loire-Atlantique;Saint-Etienne-De-Montluc;44158;SAINT ETIENNE DE MONTLUC;FR23070;industrial;NO;38;0.0;µg/m3;horaire;2023-04-21 18:00:00;2023-04-21 19:00:00;True;-1.7830812813449453;47.28312712300018;338676.42390903604;6697925.914501535
Loire-Atlantique;Saint-Etienne-De-Montluc;44158;SAINT ETIENNE DE MONTLUC;FR23070;industrial;NOx;9;4.6;µg/m3 eq NO2;horaire;2023-04-21 18:00:00;2023-04-21 19:00:00;True;-1.7830812813449453;47.28312712300018;338676.42390903604;6697925.914501535
Loire-Atlantique;Saint-Etienne-De-Montluc;44158;SAINT ETIENNE DE MONTLUC;FR23070;industrial;PM10;5;16.0;µg/m3;horaire;2023-04-21 18:00:00;2023-04-21 19:00:00;True;-1.7830812813449453;47.28312712300018;338676.42390903604;6697925.914501535
Loire-Atlantique;Saint-Etienne-De-Montluc;44158;SAINT ETIENNE DE MONTLUC;FR23070;industrial;PM2.5;6001;11.0;µg/m3;horaire;2023-04-21 18:00:00;2023-04-21 19:00:00;True;-1.7830812813449453;47.28312712300018;338676.42390903604;6697925.914501535
Loire-Atlantique;Saint-Etienne-De-Montluc;44158;SAINT ETIENNE DE MONTLUC;FR23070;industrial;SO2;1;0.4;µg/m3;horaire;2023-04-21 18:00:00;2023-04-21 19:00:00;True;-1.7830812813449453;47.28312712300018;338676.42390903604;6697925.914501535
Loire-Atlantique;Trignac;44210;JULES VERNE;FR23075;industrial;NO2;8;9.6;µg/m3;horaire;2023-04-21 18:00:00;2023-04-21 19:00:00;True;-2.1904076735030835;47.315645037165524;308186.02080619615;6703473.391126138
Loire-Atlantique;Trignac;44210;JULES VERNE;FR23075;industrial;NO;38;0.48;µg/m3;horaire;2023-04-21 18:00:00;2023-04-21 19:00:00;True;-2.1904076735030835;47.315645037165524;308186.02080619615;6703473.391126138
Loire-Atlantique;Trignac;44210;JULES VERNE;FR23075;industrial;NOx;9;10.0;µg/m3 eq NO2;horaire;2023-04-21 18:00:00;2023-04-21 19:00:00;True;-2.1904076735030835;47.315645037165524;308186.02080619615;6703473.391126138
Maine-et-Loire;Cholet;49099;SAINT EXUPERY;FR23078;background;NO2;8;11.0;µg/m3;horaire;2023-04-21 18:00:00;2023-04-21 19:00:00;True;-0.8835758137839181;47.055828646104125;405324.4925768649;6668979.670961294
Maine-et-Loire;Cholet;49099;SAINT EXUPERY;FR23078;background;NO;38;0.75;µg/m3;horaire;2023-04-21 18:00:00;2023-04-21 19:00:00;True;-0.8835758137839181;47.055828646104125;405324.4925768649;6668979.670961294
Maine-et-Loire;Cholet;49099;SAINT EXUPERY;FR23078;background;NOx;9;12.0;µg/m3 eq NO2;horaire;2023-04-21 18:00:00;2023-04-21 19:00:00;True;-0.8835758137839181;47.055828646104125;405324.4925768649;6668979.670961294
Maine-et-Loire;Cholet;49099;SAINT EXUPERY;FR23078;background;O3;7;93.0;µg/m3;horaire;2023-04-21 18:00:00;2023-04-21 19:00:00;True;-0.8835758137839181;47.055828646104125;405324.4925768649;6668979.670961294
Maine-et-Loire;Cholet;49099;SAINT EXUPERY;FR23078;background;PM10;5;16.0;µg/m3;horaire;2023-04-21 18:00:00;2023-04-21 19:00:00;True;-0.8835758137839181;47.055828646104125;405324.4925768649;6668979.670961294
Loire-Atlantique;Nantes;44109;LA CHAUVINIERE;FR23107;background;NO2;8;9.1;µg/m3;horaire;2023-04-21 18:00:00;2023-04-21 19:00:00;True;-1.5732745401793513;47.25291196744293;354313.2357701814;6693636.219563372
Loire-Atlantique;Nantes;44109;LA CHAUVINIERE;FR23107;background;NO;38;0.4;µg/m3;horaire;2023-04-21 18:00:00;2023-04-21 19:00:00;True;-1.5732745401793513;47.25291196744293;354313.2357701814;6693636.219563372
Loire-Atlantique;Nantes;44109;LA CHAUVINIERE;FR23107;background;NOx;9;9.7;µg/m3 eq NO2;horaire;2023-04-21 18:00:00;2023-04-21 19:00:00;True;-1.5732745401793513;47.25291196744293;354313.2357701814;6693636.219563372
Loire-Atlantique;Nantes;44109;LA CHAUVINIERE;FR23107;background;PM10;5;14.0;µg/m3;horaire;2023-04-21 18:00:00;2023-04-21 19:00:00;True;-1.5732745401793513;47.25291196744293;354313.2357701814;6693636.219563372
Loire-Atlantique;Nantes;44109;LA CHAUVINIERE;FR23107;background;PM2.5;6001;10.0;µg/m3;horaire;2023-04-21 18:00:00;2023-04-21 19:00:00;True;-1.5732745401793513;47.25291196744293;354313.2357701814;6693636.219563372
Loire-Atlantique;Saint-Nazaire;44184;LEON BLUM;FR23110;background;NO2;8;11.0;µg/m3;horaire;2023-04-21 18:00:00;2023-04-21 19:00:00;True;-2.2501538782724806;47.26411028437446;303302.1643903805;6698059.671526036
Loire-Atlantique;Saint-Nazaire;44184;LEON BLUM;FR23110;background;NO;38;0.38;µg/m3;horaire;2023-04-21 18:00:00;2023-04-21 19:00:00;True;-2.2501538782724806;47.26411028437446;303302.1643903805;6698059.671526036
Loire-Atlantique;Saint-Nazaire;44184;LEON BLUM;FR23110;background;NOx;9;11.0;µg/m3 eq NO2;horaire;2023-04-21 18:00:00;2023-04-21 19:00:00;True;-2.2501538782724806;47.26411028437446;303302.1643903805;6698059.671526036
Loire-Atlantique;Saint-Nazaire;44184;LEON BLUM;FR23110;background;O3;7;92.0;µg/m3;horaire;2023-04-21 18:00:00;2023-04-21 19:00:00;True;-2.2501538782724806;47.26411028437446;303302.1643903805;6698059.671526036
Loire-Atlantique;Saint-Nazaire;44184;LEON BLUM;FR23110;background;PM10;5;21.0;µg/m3;horaire;2023-04-21 18:00:00;2023-04-21 19:00:00;True;-2.2501538782724806;47.26411028437446;303302.1643903805;6698059.671526036
Loire-Atlantique;Saint-Nazaire;44184;LEON BLUM;FR23110;background;PM2.5;6001;6.4;µg/m3;horaire;2023-04-21 18:00:00;2023-04-21 19:00:00;True;-2.2501538782724806;47.26411028437446;303302.1643903805;6698059.671526036
Maine-et-Loire;Angers;49007;BEAUX ARTS;FR23120;background;NO2;8;9.8;µg/m3;horaire;2023-04-21 18:00:00;2023-04-21 19:00:00;True;-0.5559330038543386;47.46849236147444;432231.14920499554;6713600.72883131
Maine-et-Loire;Angers;49007;BEAUX ARTS;FR23120;background;NO;38;0.83;µg/m3;horaire;2023-04-21 18:00:00;2023-04-21 19:00:00;True;-0.5559330038543386;47.46849236147444;432231.14920499554;6713600.72883131
Maine-et-Loire;Angers;49007;BEAUX ARTS;FR23120;background;NOx;9;11.0;µg/m3 eq NO2;horaire;2023-04-21 18:00:00;2023-04-21 19:00:00;True;-0.5559330038543386;47.46849236147444;432231.14920499554;6713600.72883131
Maine-et-Loire;Angers;49007;BEAUX ARTS;FR23120;background;PM10;5;13.0;µg/m3;horaire;2023-04-21 18:00:00;2023-04-21 19:00:00;True;-0.5559330038543386;47.46849236147444;432231.14920499554;6713600.72883131
Maine-et-Loire;Angers;49007;BEAUX ARTS;FR23120;background;PM2.5;6001;10.0;µg/m3;horaire;2023-04-21 18:00:00;2023-04-21 19:00:00;True;-0.5559330038543386;47.46849236147444;432231.14920499554;6713600.72883131
Mayenne;Laval;53130;MAZAGRAN;FR23123;background;NO2;8;8.5;µg/m3;horaire;2023-04-21 18:00:00;2023-04-21 19:00:00;True;-0.7681529262800582;48.06936514490995;419447.0551375298;6781027.2411395665
Mayenne;Laval;53130;MAZAGRAN;FR23123;background;NO;38;0.4;µg/m3;horaire;2023-04-21 18:00:00;2023-04-21 19:00:00;True;-0.7681529262800582;48.06936514490995;419447.0551375298;6781027.2411395665
Mayenne;Laval;53130;MAZAGRAN;FR23123;background;NOx;9;9.2;µg/m3 eq NO2;horaire;2023-04-21 18:00:00;2023-04-21 19:00:00;True;-0.7681529262800582;48.06936514490995;419447.0551375298;6781027.2411395665
Mayenne;Laval;53130;MAZAGRAN;FR23123;background;O3;7;91.0;µg/m3;horaire;2023-04-21 18:00:00;2023-04-21 19:00:00;True;-0.7681529262800582;48.06936514490995;419447.0551375298;6781027.2411395665
Mayenne;Laval;53130;MAZAGRAN;FR23123;background;PM10;5;10.0;µg/m3;horaire;2023-04-21 18:00:00;2023-04-21 19:00:00;True;-0.7681529262800582;48.06936514490995;419447.0551375298;6781027.2411395665
Vendée;La Tardière;85289;LA TARDIERE;FR23124;background;NH3;35;4.9;µg/m3;horaire;2023-04-21 18:00:00;2023-04-21 19:00:00;True;-0.7433812921256286;46.65662489362803;413852.8420801177;6624178.2980740825
Vendée;La Tardière;85289;LA TARDIERE;FR23124;background;NO2;8;5.4;µg/m3;horaire;2023-04-21 18:00:00;2023-04-21 19:00:00;True;-0.7433812921256286;46.65662489362803;413852.8420801177;6624178.2980740825
Vendée;La Tardière;85289;LA TARDIERE;FR23124;background;NO;38;1.0;µg/m3;horaire;2023-04-21 18:00:00;2023-04-21 19:00:00;True;-0.7433812921256286;46.65662489362803;413852.8420801177;6624178.2980740825
Vendée;La Tardière;85289;LA TARDIERE;FR23124;background;NOx;9;6.9;µg/m3 eq NO2;horaire;2023-04-21 18:00:00;2023-04-21 19:00:00;True;-0.7433812921256286;46.65662489362803;413852.8420801177;6624178.2980740825
Vendée;La Tardière;85289;LA TARDIERE;FR23124;background;O3;7;83.0;µg/m3;horaire;2023-04-21 18:00:00;2023-04-21 19:00:00;True;-0.7433812921256286;46.65662489362803;413852.8420801177;6624178.2980740825
Vendée;La Tardière;85289;LA TARDIERE;FR23124;background;PM10;5;;µg/m3;horaire;2023-04-21 18:00:00;2023-04-21 19:00:00;False;-0.7433812921256286;46.65662489362803;413852.8420801177;6624178.2980740825
Vendée;La Tardière;85289;LA TARDIERE;FR23124;background;PM10;5;19.0;µg/m3;horaire;2023-04-21 18:00:00;2023-04-21 19:00:00;True;-0.7433812921256286;46.65662489362803;413852.8420801177;6624178.2980740825
Vendée;La Tardière;85289;LA TARDIERE;FR23124;background;PM2.5;6001;;µg/m3;horaire;2023-04-21 18:00:00;2023-04-21 19:00:00;False;-0.7433812921256286;46.65662489362803;413852.8420801177;6624178.2980740825
Loire-Atlantique;Paimbœuf;44116;CUTULLIC2;FR23149;industrial;SO2;1;2.4;µg/m3;horaire;2023-04-21 18:00:00;2023-04-21 19:00:00;True;-2.0324417113714177;47.28616795300179;319885.62629199366;6699433.757790069
Maine-et-Loire;Angers;49007;APPENTIS;FR23150;background;NO2;8;8.5;µg/m3;horaire;2023-04-21 18:00:00;2023-04-21 19:00:00;True;-0.5501000222079123;47.447336007801624;432564.4583844049;6711233.097282906
Maine-et-Loire;Angers;49007;APPENTIS;FR23150;background;NO;38;0.9;µg/m3;horaire;2023-04-21 18:00:00;2023-04-21 19:00:00;True;-0.5501000222079123;47.447336007801624;432564.4583844049;6711233.097282906
Maine-et-Loire;Angers;49007;APPENTIS;FR23150;background;NOx;9;9.9;µg/m3 eq NO2;horaire;2023-04-21 18:00:00;2023-04-21 19:00:00;True;-0.5501000222079123;47.447336007801624;432564.4583844049;6711233.097282906
Maine-et-Loire;Angers;49007;APPENTIS;FR23150;background;O3;7;93.0;µg/m3;horaire;2023-04-21 18:00:00;2023-04-21 19:00:00;True;-0.5501000222079123;47.447336007801624;432564.4583844049;6711233.097282906
Vendée;La Roche-Sur-Yon;85191;DELACROIX;FR23152;background;NO2;8;8.8;µg/m3;horaire;2023-04-21 18:00:00;2023-04-21 19:00:00;True;-1.4368610961896655;46.66064836113053;360919.2021133019;6627370.063373093
Vendée;La Roche-Sur-Yon;85191;DELACROIX;FR23152;background;NO;38;0.5;µg/m3;horaire;2023-04-21 18:00:00;2023-04-21 19:00:00;True;-1.4368610961896655;46.66064836113053;360919.2021133019;6627370.063373093
Vendée;La Roche-Sur-Yon;85191;DELACROIX;FR23152;background;NOx;9;9.5;µg/m3 eq NO2;horaire;2023-04-21 18:00:00;2023-04-21 19:00:00;True;-1.4368610961896655;46.66064836113053;360919.2021133019;6627370.063373093
Vendée;La Roche-Sur-Yon;85191;DELACROIX;FR23152;background;O3;7;82.0;µg/m3;horaire;2023-04-21 18:00:00;2023-04-21 19:00:00;True;-1.4368610961896655;46.66064836113053;360919.2021133019;6627370.063373093
Vendée;La Roche-Sur-Yon;85191;DELACROIX;FR23152;background;PM10;5;16.0;µg/m3;horaire;2023-04-21 18:00:00;2023-04-21 19:00:00;True;-1.4368610961896655;46.66064836113053;360919.2021133019;6627370.063373093
Vendée;La Roche-Sur-Yon;85191;DELACROIX;FR23152;background;PM2.5;6001;11.0;µg/m3;horaire;2023-04-21 18:00:00;2023-04-21 19:00:00;True;-1.4368610961896655;46.66064836113053;360919.2021133019;6627370.063373093
Loire-Atlantique;Bouaye;44018;EPINETTES;FR23157;background;O3;7;93.0;µg/m3;horaire;2023-04-21 18:00:00;2023-04-21 19:00:00;True;-1.6902690000000005;47.14608799999988;344775.68549371266;6682310.180873801
Sarthe;Spay;72344;FILLE;FR23163;background;O3;7;95.0;µg/m3;horaire;2023-04-21 18:00:00;2023-04-21 19:00:00;True;0.1518948064395943;47.92192248604607;487322.6743667995;6761783.716825325
Sarthe;Le Mans;72181;GUEDOU;FR23174;background;NO2;8;12.0;µg/m3;horaire;2023-04-21 18:00:00;2023-04-21 19:00:00;True;0.19605011554765286;47.98894827304624;490882.9153232856;6769108.857118812
Sarthe;Le Mans;72181;GUEDOU;FR23174;background;NO;38;1.1;µg/m3;horaire;2023-04-21 18:00:00;2023-04-21 19:00:00;True;0.19605011554765286;47.98894827304624;490882.9153232856;6769108.857118812
Sarthe;Le Mans;72181;GUEDOU;FR23174;background;NOx;9;14.0;µg/m3 eq NO2;horaire;2023-04-21 18:00:00;2023-04-21 19:00:00;True;0.19605011554765286;47.98894827304624;490882.9153232856;6769108.857118812
Maine-et-Loire;Bouchemaine;49035;CLOS DES BEAUVAIS;FR23175;background;O3;7;93.0;µg/m3;horaire;2023-04-21 18:00:00;2023-04-21 19:00:00;True;-0.6100060021346906;47.43011900354789;427967.33949541056;6709527.093695923
Mayenne;Saint-Denis-D'Anjou;53210;SAINT DENIS D'ANJOU;FR23177;background;NO;38;0.25;µg/m3;horaire;2023-04-21 18:00:00;2023-04-21 19:00:00;True;-0.4447696525665919;47.7883321330413;442146.2573931599;6748729.6000822345
Mayenne;Saint-Denis-D'Anjou;53210;SAINT DENIS D'ANJOU;FR23177;background;NO2;8;5.3;µg/m3;horaire;2023-04-21 18:00:00;2023-04-21 19:00:00;True;-0.4447696525665919;47.7883321330413;442146.2573931599;6748729.6000822345
Mayenne;Saint-Denis-D'Anjou;53210;SAINT DENIS D'ANJOU;FR23177;background;NOx;9;5.6;µg/m3 eq NO2;horaire;2023-04-21 18:00:00;2023-04-21 19:00:00;True;-0.4447696525665919;47.7883321330413;442146.2573931599;6748729.6000822345
Mayenne;Saint-Denis-D'Anjou;53210;SAINT DENIS D'ANJOU;FR23177;background;O3;7;92.0;µg/m3;horaire;2023-04-21 18:00:00;2023-04-21 19:00:00;True;-0.4447696525665919;47.7883321330413;442146.2573931599;6748729.6000822345
Mayenne;Saint-Denis-D'Anjou;53210;SAINT DENIS D'ANJOU;FR23177;background;PM10;5;11.0;µg/m3;horaire;2023-04-21 18:00:00;2023-04-21 19:00:00;True;-0.4447696525665919;47.7883321330413;442146.2573931599;6748729.6000822345
Loire-Atlantique;Donges;44052;PARSCAU DU PLESSIS;FR23178;industrial;NO;38;0.23;µg/m3;horaire;2023-04-21 18:00:00;2023-04-21 19:00:00;True;-2.06687664431583;47.318896029650766;317521.3409009125;6703228.095208768
Loire-Atlantique;Donges;44052;PARSCAU DU PLESSIS;FR23178;industrial;NO2;8;6.4;µg/m3;horaire;2023-04-21 18:00:00;2023-04-21 19:00:00;True;-2.06687664431583;47.318896029650766;317521.3409009125;6703228.095208768
Loire-Atlantique;Donges;44052;PARSCAU DU PLESSIS;FR23178;industrial;NOx;9;6.8;µg/m3 eq NO2;horaire;2023-04-21 18:00:00;2023-04-21 19:00:00;True;-2.06687664431583;47.318896029650766;317521.3409009125;6703228.095208768
Loire-Atlantique;Donges;44052;PARSCAU DU PLESSIS;FR23178;industrial;PM10;5;19.0;µg/m3;horaire;2023-04-21 18:00:00;2023-04-21 19:00:00;True;-2.06687664431583;47.318896029650766;317521.3409009125;6703228.095208768
Loire-Atlantique;Donges;44052;PARSCAU DU PLESSIS;FR23178;industrial;PM2.5;6001;14.0;µg/m3;horaire;2023-04-21 18:00:00;2023-04-21 19:00:00;True;-2.06687664431583;47.318896029650766;317521.3409009125;6703228.095208768
Loire-Atlantique;Donges;44052;PARSCAU DU PLESSIS;FR23178;industrial;SO2;1;0.0;µg/m3;horaire;2023-04-21 18:00:00;2023-04-21 19:00:00;True;-2.06687664431583;47.318896029650766;317521.3409009125;6703228.095208768
Loire-Atlantique;Saint-Nazaire;44184;PARC PAYSAGER;FR23181;background;NO;38;0.43;µg/m3;horaire;2023-04-21 18:00:00;2023-04-21 19:00:00;True;-2.2231753057476937;47.273129394194775;305403.8853541548;6698924.134703943
Loire-Atlantique;Saint-Nazaire;44184;PARC PAYSAGER;FR23181;background;NO2;8;11.0;µg/m3;horaire;2023-04-21 18:00:00;2023-04-21 19:00:00;True;-2.2231753057476937;47.273129394194775;305403.8853541548;6698924.134703943
Loire-Atlantique;Saint-Nazaire;44184;PARC PAYSAGER;FR23181;background;NOx;9;12.0;µg/m3 eq NO2;horaire;2023-04-21 18:00:00;2023-04-21 19:00:00;True;-2.2231753057476937;47.273129394194775;305403.8853541548;6698924.134703943
Loire-Atlantique;Saint-Nazaire;44184;PARC PAYSAGER;FR23181;background;SO2;1;2.2;µg/m3;horaire;2023-04-21 18:00:00;2023-04-21 19:00:00;True;-2.2231753057476937;47.273129394194775;305403.8853541548;6698924.134703943
Sarthe;Le Mans;72181;SOURCES;FR23182;background;NO2;8;7.2;µg/m3;horaire;2023-04-21 18:00:00;2023-04-21 19:00:00;True;0.2213390216306751;47.971141853614576;492698.55226572393;6767064.748575544
Sarthe;Le Mans;72181;SOURCES;FR23182;background;NO;38;0.98;µg/m3;horaire;2023-04-21 18:00:00;2023-04-21 19:00:00;True;0.2213390216306751;47.971141853614576;492698.55226572393;6767064.748575544
Sarthe;Le Mans;72181;SOURCES;FR23182;background;NOx;9;8.7;µg/m3 eq NO2;horaire;2023-04-21 18:00:00;2023-04-21 19:00:00;True;0.2213390216306751;47.971141853614576;492698.55226572393;6767064.748575544
Sarthe;Le Mans;72181;SOURCES;FR23182;background;O3;7;101.0;µg/m3;horaire;2023-04-21 18:00:00;2023-04-21 19:00:00;True;0.2213390216306751;47.971141853614576;492698.55226572393;6767064.748575544
Sarthe;Le Mans;72181;SOURCES;FR23182;background;PM10;5;13.0;µg/m3;horaire;2023-04-21 18:00:00;2023-04-21 19:00:00;True;0.2213390216306751;47.971141853614576;492698.55226572393;6767064.748575544
Sarthe;Le Mans;72181;SOURCES;FR23182;background;PM2.5;6001;10.0;µg/m3;horaire;2023-04-21 18:00:00;2023-04-21 19:00:00;True;0.2213390216306751;47.971141853614576;492698.55226572393;6767064.748575544
Loire-Atlantique;Nantes;44109;CIM BOUTEILLERIE;FR23188;background;BCwb;;19.0;%;horaire;2023-04-21 18:00:00;2023-04-21 19:00:00;True;-1.5374268258113177;47.22217589146574;356823.8361417605;6690071.409167136
Loire-Atlantique;Nantes;44109;CIM BOUTEILLERIE;FR23188;background;Hg;;0.41;ng/m3;horaire;2023-04-21 18:00:00;2023-04-21 19:00:00;True;-1.5374268258113177;47.22217589146574;356823.8361417605;6690071.409167136
Loire-Atlantique;Nantes;44109;CIM BOUTEILLERIE;FR23188;background;NO2;8;9.7;µg/m3;horaire;2023-04-21 18:00:00;2023-04-21 19:00:00;True;-1.5374268258113177;47.22217589146574;356823.8361417605;6690071.409167136
Loire-Atlantique;Nantes;44109;CIM BOUTEILLERIE;FR23188;background;NO;38;0.88;µg/m3;horaire;2023-04-21 18:00:00;2023-04-21 19:00:00;True;-1.5374268258113177;47.22217589146574;356823.8361417605;6690071.409167136
Loire-Atlantique;Nantes;44109;CIM BOUTEILLERIE;FR23188;background;NOx;9;11.0;µg/m3 eq NO2;horaire;2023-04-21 18:00:00;2023-04-21 19:00:00;True;-1.5374268258113177;47.22217589146574;356823.8361417605;6690071.409167136
Loire-Atlantique;Nantes;44109;CIM BOUTEILLERIE;FR23188;background;O3;7;88.0;µg/m3;horaire;2023-04-21 18:00:00;2023-04-21 19:00:00;True;-1.5374268258113177;47.22217589146574;356823.8361417605;6690071.409167136
Loire-Atlantique;Nantes;44109;CIM BOUTEILLERIE;FR23188;background;PM10;5;16.0;µg/m3;horaire;2023-04-21 18:00:00;2023-04-21 19:00:00;True;-1.5374268258113177;47.22217589146574;356823.8361417605;6690071.409167136
Loire-Atlantique;Nantes;44109;CIM BOUTEILLERIE;FR23188;background;PM2.5;6001;11.0;µg/m3;horaire;2023-04-21 18:00:00;2023-04-21 19:00:00;True;-1.5374268258113177;47.22217589146574;356823.8361417605;6690071.409167136
Loire-Atlantique;Nantes;44109;CIM BOUTEILLERIE;FR23188;background;PUF;;5323.0;P/cm3;horaire;2023-04-21 18:00:00;2023-04-21 19:00:00;True;-1.5374268258113177;47.22217589146574;356823.8361417605;6690071.409167136
Loire-Atlantique;Pornichet;44132;GASPARD;FR23230;background;O3;7;92.0;µg/m3;horaire;2023-04-21 18:00:00;2023-04-21 19:00:00;True;-2.3320669999999977;47.253055999964715;297039.3525861991;6697249.291127122
Loire-Atlantique;Rezé;44143;TRENTEMOULT;FR23238;specific;PM10;5;20.0;µg/m3;horaire;2023-04-21 18:00:00;2023-04-21 19:00:00;True;-1.5816779999999988;47.194146999964396;353300.20766508416;6687156.526597275
Loire-Atlantique;Rezé;44143;TRENTEMOULT;FR23238;specific;PM2.5;6001;12.0;µg/m3;horaire;2023-04-21 18:00:00;2023-04-21 19:00:00;True;-1.5816779999999988;47.194146999964396;353300.20766508416;6687156.526597275
Loire-Atlantique;Bouguenais;44020;LES COUETS;FR23239;industrial;NO2;8;8.4;µg/m3;horaire;2023-04-21 18:00:00;2023-04-21 19:00:00;True;-1.591496999999999;47.18591899996436;352504.9179813179;6686287.290819376
Loire-Atlantique;Bouguenais;44020;LES COUETS;FR23239;industrial;NO;38;0.78;µg/m3;horaire;2023-04-21 18:00:00;2023-04-21 19:00:00;True;-1.591496999999999;47.18591899996436;352504.9179813179;6686287.290819376
Loire-Atlantique;Bouguenais;44020;LES COUETS;FR23239;industrial;NOx;9;9.6;µg/m3 eq NO2;horaire;2023-04-21 18:00:00;2023-04-21 19:00:00;True;-1.591496999999999;47.18591899996436;352504.9179813179;6686287.290819376
Loire-Atlantique;Bouguenais;44020;LES COUETS;FR23239;industrial;PM10;5;17.0;µg/m3;horaire;2023-04-21 18:00:00;2023-04-21 19:00:00;True;-1.591496999999999;47.18591899996436;352504.9179813179;6686287.290819376
Loire-Atlantique;Bouguenais;44020;LES COUETS;FR23239;industrial;PM2.5;6001;8.7;µg/m3;horaire;2023-04-21 18:00:00;2023-04-21 19:00:00;True;-1.591496999999999;47.18591899996436;352504.9179813179;6686287.290819376
Maine-et-Loire;Angers;49007;ROI RENE;FR23242;traffic;NO;38;6.9;µg/m3;horaire;2023-04-21 18:00:00;2023-04-21 19:00:00;True;-0.5546410000000003;47.46693799998293;432320.60333853256;6713423.849690912
Maine-et-Loire;Angers;49007;ROI RENE;FR23242;traffic;NO2;8;27.0;µg/m3;horaire;2023-04-21 18:00:00;2023-04-21 19:00:00;True;-0.5546410000000003;47.46693799998293;432320.60333853256;6713423.849690912
Maine-et-Loire;Angers;49007;ROI RENE;FR23242;traffic;NOx;9;37.0;µg/m3 eq NO2;horaire;2023-04-21 18:00:00;2023-04-21 19:00:00;True;-0.5546410000000003;47.46693799998293;432320.60333853256;6713423.849690912
Maine-et-Loire;Angers;49007;ROI RENE;FR23242;traffic;PM10;5;16.0;µg/m3;horaire;2023-04-21 18:00:00;2023-04-21 19:00:00;True;-0.5546410000000003;47.46693799998293;432320.60333853256;6713423.849690912
Loire-Atlantique;Montoir-De-Bretagne;44103;CAMEE;FR23249;industrial;NO2;8;7.4;µg/m3;horaire;2023-04-21 18:00:00;2023-04-21 19:00:00;True;-2.1273331951941428;47.32113812654744;312980.25164916983;6703771.212179752
Loire-Atlantique;Montoir-De-Bretagne;44103;CAMEE;FR23249;industrial;NO;38;0.28;µg/m3;horaire;2023-04-21 18:00:00;2023-04-21 19:00:00;True;-2.1273331951941428;47.32113812654744;312980.25164916983;6703771.212179752
Loire-Atlantique;Montoir-De-Bretagne;44103;CAMEE;FR23249;industrial;NOx;9;7.9;µg/m3 eq NO2;horaire;2023-04-21 18:00:00;2023-04-21 19:00:00;True;-2.1273331951941428;47.32113812654744;312980.25164916983;6703771.212179752
Loire-Atlantique;Montoir-De-Bretagne;44103;CAMEE;FR23249;industrial;PM10;5;19.0;µg/m3;horaire;2023-04-21 18:00:00;2023-04-21 19:00:00;True;-2.1273331951941428;47.32113812654744;312980.25164916983;6703771.212179752
Loire-Atlantique;Montoir-De-Bretagne;44103;CAMEE;FR23249;industrial;PM2.5;6001;14.0;µg/m3;horaire;2023-04-21 18:00:00;2023-04-21 19:00:00;True;-2.1273331951941428;47.32113812654744;312980.25164916983;6703771.212179752
Loire-Atlantique;Montoir-De-Bretagne;44103;CAMEE;FR23249;industrial;SO2;1;1.4;µg/m3;horaire;2023-04-21 18:00:00;2023-04-21 19:00:00;True;-2.1273331951941428;47.32113812654744;312980.25164916983;6703771.212179752
Loire-Atlantique;Nantes;44109;FRERES GONCOURT;FR23251;traffic;C6H5-C2H5;431;0.38;µg/m3;horaire;2023-04-21 18:00:00;2023-04-21 19:00:00;True;-1.564803;47.23354499998231;354828.5774908221;6691451.497810739
Loire-Atlantique;Nantes;44109;FRERES GONCOURT;FR23251;traffic;C6H5-CH3;21;2.6;µg/m3;horaire;2023-04-21 18:00:00;2023-04-21 19:00:00;True;-1.564803;47.23354499998231;354828.5774908221;6691451.497810739
Loire-Atlantique;Nantes;44109;FRERES GONCOURT;FR23251;traffic;C6H6;20;1.1;µg/m3;horaire;2023-04-21 18:00:00;2023-04-21 19:00:00;True;-1.564803;47.23354499998231;354828.5774908221;6691451.497810739
Loire-Atlantique;Nantes;44109;FRERES GONCOURT;FR23251;traffic;CO;10;0.38;mg/m3;horaire;2023-04-21 18:00:00;2023-04-21 19:00:00;True;-1.564803;47.23354499998231;354828.5774908221;6691451.497810739
Loire-Atlantique;Nantes;44109;FRERES GONCOURT;FR23251;traffic;m,p-C6H4(CH3)2;464;1.3;µg/m3;horaire;2023-04-21 18:00:00;2023-04-21 19:00:00;True;-1.564803;47.23354499998231;354828.5774908221;6691451.497810739
Loire-Atlantique;Nantes;44109;FRERES GONCOURT;FR23251;traffic;NO;38;16.0;µg/m3;horaire;2023-04-21 18:00:00;2023-04-21 19:00:00;True;-1.564803;47.23354499998231;354828.5774908221;6691451.497810739
Loire-Atlantique;Nantes;44109;FRERES GONCOURT;FR23251;traffic;NO2;8;34.0;µg/m3;horaire;2023-04-21 18:00:00;2023-04-21 19:00:00;True;-1.564803;47.23354499998231;354828.5774908221;6691451.497810739
Loire-Atlantique;Nantes;44109;FRERES GONCOURT;FR23251;traffic;NOx;9;59.0;µg/m3 eq NO2;horaire;2023-04-21 18:00:00;2023-04-21 19:00:00;True;-1.564803;47.23354499998231;354828.5774908221;6691451.497810739
Loire-Atlantique;Nantes;44109;FRERES GONCOURT;FR23251;traffic;o-C6H4-(CH3)2;482;0.5;µg/m3;horaire;2023-04-21 18:00:00;2023-04-21 19:00:00;True;-1.564803;47.23354499998231;354828.5774908221;6691451.497810739
Loire-Atlantique;Nantes;44109;FRERES GONCOURT;FR23251;traffic;PM10;5;23.0;µg/m3;horaire;2023-04-21 18:00:00;2023-04-21 19:00:00;True;-1.564803;47.23354499998231;354828.5774908221;6691451.497810739
Loire-Atlantique;Nantes;44109;FRERES GONCOURT;FR23251;traffic;PM2.5;6001;13.0;µg/m3;horaire;2023-04-21 18:00:00;2023-04-21 19:00:00;True;-1.564803;47.23354499998231;354828.5774908221;6691451.497810739
Loire-Atlantique;Donges;44052;AMPERE;FR23001;industrial;SO2;1;0.25;µg/m3;horaire;2023-04-21 17:00:00;2023-04-21 18:00:00;True;-2.0813729293078014;47.324243646620644;316466.7822100732;6703891.209852793
Loire-Atlantique;Donges;44052;LA MEGRETAIS;FR23003;industrial;NO2;8;5.0;µg/m3;horaire;2023-04-21 17:00:00;2023-04-21 18:00:00;True;-2.039245335998521;47.322705228858595;319631.26531024784;6703516.8929397985
Loire-Atlantique;Donges;44052;LA MEGRETAIS;FR23003;industrial;NO;38;0.0;µg/m3;horaire;2023-04-21 17:00:00;2023-04-21 18:00:00;True;-2.039245335998521;47.322705228858595;319631.26531024784;6703516.8929397985
Loire-Atlantique;Donges;44052;LA MEGRETAIS;FR23003;industrial;NOx;9;4.9;µg/m3 eq NO2;horaire;2023-04-21 17:00:00;2023-04-21 18:00:00;True;-2.039245335998521;47.322705228858595;319631.26531024784;6703516.8929397985
Loire-Atlantique;Donges;44052;LA MEGRETAIS;FR23003;industrial;PM10;5;23.0;µg/m3;horaire;2023-04-21 17:00:00;2023-04-21 18:00:00;True;-2.039245335998521;47.322705228858595;319631.26531024784;6703516.8929397985
Loire-Atlantique;Donges;44052;LA MEGRETAIS;FR23003;industrial;PM2.5;6001;16.0;µg/m3;horaire;2023-04-21 17:00:00;2023-04-21 18:00:00;True;-2.039245335998521;47.322705228858595;319631.26531024784;6703516.8929397985
Loire-Atlantique;Donges;44052;LA MEGRETAIS;FR23003;industrial;SO2;1;0.0;µg/m3;horaire;2023-04-21 17:00:00;2023-04-21 18:00:00;True;-2.039245335998521;47.322705228858595;319631.26531024784;6703516.8929397985
Loire-Atlantique;Donges;44052;PASTEUR;FR23004;industrial;H2S;11;0.33;µg/m3;horaire;2023-04-21 17:00:00;2023-04-21 18:00:00;True;-2.073374401966883;47.31740262661712;317020.8741071;6703094.040787983
Loire-Atlantique;Donges;44052;PASTEUR;FR23004;industrial;SO2;1;0.48;µg/m3;horaire;2023-04-21 17:00:00;2023-04-21 18:00:00;True;-2.073374401966883;47.31740262661712;317020.8741071;6703094.040787983
Loire-Atlantique;Frossay;44061;FROSSAY;FR23068;industrial;NO2;8;5.5;µg/m3;horaire;2023-04-21 17:00:00;2023-04-21 18:00:00;True;-1.9365235553956817;47.24735229625331;326851.68236097385;6694673.195316758
Loire-Atlantique;Frossay;44061;FROSSAY;FR23068;industrial;NO;38;0.13;µg/m3;horaire;2023-04-21 17:00:00;2023-04-21 18:00:00;True;-1.9365235553956817;47.24735229625331;326851.68236097385;6694673.195316758
Loire-Atlantique;Frossay;44061;FROSSAY;FR23068;industrial;NOx;9;5.6;µg/m3 eq NO2;horaire;2023-04-21 17:00:00;2023-04-21 18:00:00;True;-1.9365235553956817;47.24735229625331;326851.68236097385;6694673.195316758
Loire-Atlantique;Frossay;44061;FROSSAY;FR23068;industrial;PM10;5;25.0;µg/m3;horaire;2023-04-21 17:00:00;2023-04-21 18:00:00;True;-1.9365235553956817;47.24735229625331;326851.68236097385;6694673.195316758
Loire-Atlantique;Frossay;44061;FROSSAY;FR23068;industrial;SO2;1;0.05;µg/m3;horaire;2023-04-21 17:00:00;2023-04-21 18:00:00;True;-1.9365235553956817;47.24735229625331;326851.68236097385;6694673.195316758
Loire-Atlantique;Savenay;44195;SAVENAY;FR23069;industrial;SO2;1;0.3;µg/m3;horaire;2023-04-21 17:00:00;2023-04-21 18:00:00;True;-1.9535935295608815;47.36020691809557;326348.9822352358;6707265.42533564
Loire-Atlantique;Saint-Etienne-De-Montluc;44158;SAINT ETIENNE DE MONTLUC;FR23070;industrial;NO2;8;3.5;µg/m3;horaire;2023-04-21 17:00:00;2023-04-21 18:00:00;True;-1.7830812813449453;47.28312712300018;338676.42390903604;6697925.914501535
Loire-Atlantique;Saint-Etienne-De-Montluc;44158;SAINT ETIENNE DE MONTLUC;FR23070;industrial;NO;38;0.0;µg/m3;horaire;2023-04-21 17:00:00;2023-04-21 18:00:00;True;-1.7830812813449453;47.28312712300018;338676.42390903604;6697925.914501535
Loire-Atlantique;Saint-Etienne-De-Montluc;44158;SAINT ETIENNE DE MONTLUC;FR23070;industrial;NOx;9;3.5;µg/m3 eq NO2;horaire;2023-04-21 17:00:00;2023-04-21 18:00:00;True;-1.7830812813449453;47.28312712300018;338676.42390903604;6697925.914501535
Loire-Atlantique;Saint-Etienne-De-Montluc;44158;SAINT ETIENNE DE MONTLUC;FR23070;industrial;PM10;5;17.0;µg/m3;horaire;2023-04-21 17:00:00;2023-04-21 18:00:00;True;-1.7830812813449453;47.28312712300018;338676.42390903604;6697925.914501535
Loire-Atlantique;Saint-Etienne-De-Montluc;44158;SAINT ETIENNE DE MONTLUC;FR23070;industrial;PM2.5;6001;12.0;µg/m3;horaire;2023-04-21 17:00:00;2023-04-21 18:00:00;True;-1.7830812813449453;47.28312712300018;338676.42390903604;6697925.914501535
Loire-Atlantique;Saint-Etienne-De-Montluc;44158;SAINT ETIENNE DE MONTLUC;FR23070;industrial;SO2;1;0.18;µg/m3;horaire;2023-04-21 17:00:00;2023-04-21 18:00:00;True;-1.7830812813449453;47.28312712300018;338676.42390903604;6697925.914501535
Loire-Atlantique;Trignac;44210;JULES VERNE;FR23075;industrial;NO2;8;8.5;µg/m3;horaire;2023-04-21 17:00:00;2023-04-21 18:00:00;True;-2.1904076735030835;47.315645037165524;308186.02080619615;6703473.391126138
Loire-Atlantique;Trignac;44210;JULES VERNE;FR23075;industrial;NO;38;0.93;µg/m3;horaire;2023-04-21 17:00:00;2023-04-21 18:00:00;True;-2.1904076735030835;47.315645037165524;308186.02080619615;6703473.391126138
Loire-Atlantique;Trignac;44210;JULES VERNE;FR23075;industrial;NOx;9;9.9;µg/m3 eq NO2;horaire;2023-04-21 17:00:00;2023-04-21 18:00:00;True;-2.1904076735030835;47.315645037165524;308186.02080619615;6703473.391126138
Maine-et-Loire;Cholet;49099;SAINT EXUPERY;FR23078;background;NO2;8;8.2;µg/m3;horaire;2023-04-21 17:00:00;2023-04-21 18:00:00;True;-0.8835758137839181;47.055828646104125;405324.4925768649;6668979.670961294
Maine-et-Loire;Cholet;49099;SAINT EXUPERY;FR23078;background;NO;38;0.83;µg/m3;horaire;2023-04-21 17:00:00;2023-04-21 18:00:00;True;-0.8835758137839181;47.055828646104125;405324.4925768649;6668979.670961294
Maine-et-Loire;Cholet;49099;SAINT EXUPERY;FR23078;background;NOx;9;9.3;µg/m3 eq NO2;horaire;2023-04-21 17:00:00;2023-04-21 18:00:00;True;-0.8835758137839181;47.055828646104125;405324.4925768649;6668979.670961294
Maine-et-Loire;Cholet;49099;SAINT EXUPERY;FR23078;background;O3;7;101.0;µg/m3;horaire;2023-04-21 17:00:00;2023-04-21 18:00:00;True;-0.8835758137839181;47.055828646104125;405324.4925768649;6668979.670961294
Maine-et-Loire;Cholet;49099;SAINT EXUPERY;FR23078;background;PM10;5;15.0;µg/m3;horaire;2023-04-21 17:00:00;2023-04-21 18:00:00;True;-0.8835758137839181;47.055828646104125;405324.4925768649;6668979.670961294
Loire-Atlantique;Nantes;44109;LA CHAUVINIERE;FR23107;background;NO2;8;7.1;µg/m3;horaire;2023-04-21 17:00:00;2023-04-21 18:00:00;True;-1.5732745401793513;47.25291196744293;354313.2357701814;6693636.219563372
Loire-Atlantique;Nantes;44109;LA CHAUVINIERE;FR23107;background;NO;38;0.4;µg/m3;horaire;2023-04-21 17:00:00;2023-04-21 18:00:00;True;-1.5732745401793513;47.25291196744293;354313.2357701814;6693636.219563372
Loire-Atlantique;Nantes;44109;LA CHAUVINIERE;FR23107;background;NOx;9;7.8;µg/m3 eq NO2;horaire;2023-04-21 17:00:00;2023-04-21 18:00:00;True;-1.5732745401793513;47.25291196744293;354313.2357701814;6693636.219563372
Loire-Atlantique;Nantes;44109;LA CHAUVINIERE;FR23107;background;PM10;5;16.0;µg/m3;horaire;2023-04-21 17:00:00;2023-04-21 18:00:00;True;-1.5732745401793513;47.25291196744293;354313.2357701814;6693636.219563372
Loire-Atlantique;Nantes;44109;LA CHAUVINIERE;FR23107;background;PM2.5;6001;12.0;µg/m3;horaire;2023-04-21 17:00:00;2023-04-21 18:00:00;True;-1.5732745401793513;47.25291196744293;354313.2357701814;6693636.219563372
Loire-Atlantique;Saint-Nazaire;44184;LEON BLUM;FR23110;background;NO2;8;8.3;µg/m3;horaire;2023-04-21 17:00:00;2023-04-21 18:00:00;True;-2.2501538782724806;47.26411028437446;303302.1643903805;6698059.671526036
Loire-Atlantique;Saint-Nazaire;44184;LEON BLUM;FR23110;background;NO;38;0.45;µg/m3;horaire;2023-04-21 17:00:00;2023-04-21 18:00:00;True;-2.2501538782724806;47.26411028437446;303302.1643903805;6698059.671526036
Loire-Atlantique;Saint-Nazaire;44184;LEON BLUM;FR23110;background;NOx;9;9.0;µg/m3 eq NO2;horaire;2023-04-21 17:00:00;2023-04-21 18:00:00;True;-2.2501538782724806;47.26411028437446;303302.1643903805;6698059.671526036
Loire-Atlantique;Saint-Nazaire;44184;LEON BLUM;FR23110;background;O3;7;99.0;µg/m3;horaire;2023-04-21 17:00:00;2023-04-21 18:00:00;True;-2.2501538782724806;47.26411028437446;303302.1643903805;6698059.671526036
Loire-Atlantique;Saint-Nazaire;44184;LEON BLUM;FR23110;background;PM10;5;24.0;µg/m3;horaire;2023-04-21 17:00:00;2023-04-21 18:00:00;True;-2.2501538782724806;47.26411028437446;303302.1643903805;6698059.671526036
Loire-Atlantique;Saint-Nazaire;44184;LEON BLUM;FR23110;background;PM2.5;6001;12.0;µg/m3;horaire;2023-04-21 17:00:00;2023-04-21 18:00:00;True;-2.2501538782724806;47.26411028437446;303302.1643903805;6698059.671526036
Maine-et-Loire;Angers;49007;BEAUX ARTS;FR23120;background;NO2;8;8.6;µg/m3;horaire;2023-04-21 17:00:00;2023-04-21 18:00:00;True;-0.5559330038543386;47.46849236147444;432231.14920499554;6713600.72883131
Maine-et-Loire;Angers;49007;BEAUX ARTS;FR23120;background;NO;38;0.88;µg/m3;horaire;2023-04-21 17:00:00;2023-04-21 18:00:00;True;-0.5559330038543386;47.46849236147444;432231.14920499554;6713600.72883131
Maine-et-Loire;Angers;49007;BEAUX ARTS;FR23120;background;NOx;9;9.9;µg/m3 eq NO2;horaire;2023-04-21 17:00:00;2023-04-21 18:00:00;True;-0.5559330038543386;47.46849236147444;432231.14920499554;6713600.72883131
Maine-et-Loire;Angers;49007;BEAUX ARTS;FR23120;background;PM10;5;13.0;µg/m3;horaire;2023-04-21 17:00:00;2023-04-21 18:00:00;True;-0.5559330038543386;47.46849236147444;432231.14920499554;6713600.72883131
Maine-et-Loire;Angers;49007;BEAUX ARTS;FR23120;background;PM2.5;6001;9.2;µg/m3;horaire;2023-04-21 17:00:00;2023-04-21 18:00:00;True;-0.5559330038543386;47.46849236147444;432231.14920499554;6713600.72883131
Mayenne;Laval;53130;MAZAGRAN;FR23123;background;NO2;8;6.2;µg/m3;horaire;2023-04-21 17:00:00;2023-04-21 18:00:00;True;-0.7681529262800582;48.06936514490995;419447.0551375298;6781027.2411395665
Mayenne;Laval;53130;MAZAGRAN;FR23123;background;NO;38;0.38;µg/m3;horaire;2023-04-21 17:00:00;2023-04-21 18:00:00;True;-0.7681529262800582;48.06936514490995;419447.0551375298;6781027.2411395665
Mayenne;Laval;53130;MAZAGRAN;FR23123;background;NOx;9;6.8;µg/m3 eq NO2;horaire;2023-04-21 17:00:00;2023-04-21 18:00:00;True;-0.7681529262800582;48.06936514490995;419447.0551375298;6781027.2411395665
Mayenne;Laval;53130;MAZAGRAN;FR23123;background;O3;7;99.0;µg/m3;horaire;2023-04-21 17:00:00;2023-04-21 18:00:00;True;-0.7681529262800582;48.06936514490995;419447.0551375298;6781027.2411395665
Mayenne;Laval;53130;MAZAGRAN;FR23123;background;PM10;5;10.0;µg/m3;horaire;2023-04-21 17:00:00;2023-04-21 18:00:00;True;-0.7681529262800582;48.06936514490995;419447.0551375298;6781027.2411395665
Vendée;La Tardière;85289;LA TARDIERE;FR23124;background;NH3;35;4.8;µg/m3;horaire;2023-04-21 17:00:00;2023-04-21 18:00:00;True;-0.7433812921256286;46.65662489362803;413852.8420801177;6624178.2980740825
Vendée;La Tardière;85289;LA TARDIERE;FR23124;background;NO2;8;4.3;µg/m3;horaire;2023-04-21 17:00:00;2023-04-21 18:00:00;True;-0.7433812921256286;46.65662489362803;413852.8420801177;6624178.2980740825
Vendée;La Tardière;85289;LA TARDIERE;FR23124;background;NO;38;0.85;µg/m3;horaire;2023-04-21 17:00:00;2023-04-21 18:00:00;True;-0.7433812921256286;46.65662489362803;413852.8420801177;6624178.2980740825
Vendée;La Tardière;85289;LA TARDIERE;FR23124;background;NOx;9;5.6;µg/m3 eq NO2;horaire;2023-04-21 17:00:00;2023-04-21 18:00:00;True;-0.7433812921256286;46.65662489362803;413852.8420801177;6624178.2980740825
Vendée;La Tardière;85289;LA TARDIERE;FR23124;background;O3;7;89.0;µg/m3;horaire;2023-04-21 17:00:00;2023-04-21 18:00:00;True;-0.7433812921256286;46.65662489362803;413852.8420801177;6624178.2980740825
Vendée;La Tardière;85289;LA TARDIERE;FR23124;background;PM10;5;;µg/m3;horaire;2023-04-21 17:00:00;2023-04-21 18:00:00;False;-0.7433812921256286;46.65662489362803;413852.8420801177;6624178.2980740825
Vendée;La Tardière;85289;LA TARDIERE;FR23124;background;PM10;5;18.0;µg/m3;horaire;2023-04-21 17:00:00;2023-04-21 18:00:00;True;-0.7433812921256286;46.65662489362803;413852.8420801177;6624178.2980740825
Vendée;La Tardière;85289;LA TARDIERE;FR23124;background;PM2.5;6001;;µg/m3;horaire;2023-04-21 17:00:00;2023-04-21 18:00:00;False;-0.7433812921256286;46.65662489362803;413852.8420801177;6624178.2980740825
Loire-Atlantique;Paimbœuf;44116;CUTULLIC2;FR23149;industrial;SO2;1;2.3;µg/m3;horaire;2023-04-21 17:00:00;2023-04-21 18:00:00;True;-2.0324417113714177;47.28616795300179;319885.62629199366;6699433.757790069
Maine-et-Loire;Angers;49007;APPENTIS;FR23150;background;NO2;8;8.5;µg/m3;horaire;2023-04-21 17:00:00;2023-04-21 18:00:00;True;-0.5501000222079123;47.447336007801624;432564.4583844049;6711233.097282906
Maine-et-Loire;Angers;49007;APPENTIS;FR23150;background;NO;38;0.95;µg/m3;horaire;2023-04-21 17:00:00;2023-04-21 18:00:00;True;-0.5501000222079123;47.447336007801624;432564.4583844049;6711233.097282906
Maine-et-Loire;Angers;49007;APPENTIS;FR23150;background;NOx;9;10.0;µg/m3 eq NO2;horaire;2023-04-21 17:00:00;2023-04-21 18:00:00;True;-0.5501000222079123;47.447336007801624;432564.4583844049;6711233.097282906
Maine-et-Loire;Angers;49007;APPENTIS;FR23150;background;O3;7;97.0;µg/m3;horaire;2023-04-21 17:00:00;2023-04-21 18:00:00;True;-0.5501000222079123;47.447336007801624;432564.4583844049;6711233.097282906
Vendée;La Roche-Sur-Yon;85191;DELACROIX;FR23152;background;NO2;8;7.2;µg/m3;horaire;2023-04-21 17:00:00;2023-04-21 18:00:00;True;-1.4368610961896655;46.66064836113053;360919.2021133019;6627370.063373093
Vendée;La Roche-Sur-Yon;85191;DELACROIX;FR23152;background;NO;38;0.65;µg/m3;horaire;2023-04-21 17:00:00;2023-04-21 18:00:00;True;-1.4368610961896655;46.66064836113053;360919.2021133019;6627370.063373093
Vendée;La Roche-Sur-Yon;85191;DELACROIX;FR23152;background;NOx;9;8.2;µg/m3 eq NO2;horaire;2023-04-21 17:00:00;2023-04-21 18:00:00;True;-1.4368610961896655;46.66064836113053;360919.2021133019;6627370.063373093
Vendée;La Roche-Sur-Yon;85191;DELACROIX;FR23152;background;O3;7;90.0;µg/m3;horaire;2023-04-21 17:00:00;2023-04-21 18:00:00;True;-1.4368610961896655;46.66064836113053;360919.2021133019;6627370.063373093
Vendée;La Roche-Sur-Yon;85191;DELACROIX;FR23152;background;PM10;5;16.0;µg/m3;horaire;2023-04-21 17:00:00;2023-04-21 18:00:00;True;-1.4368610961896655;46.66064836113053;360919.2021133019;6627370.063373093
Vendée;La Roche-Sur-Yon;85191;DELACROIX;FR23152;background;PM2.5;6001;10.0;µg/m3;horaire;2023-04-21 17:00:00;2023-04-21 18:00:00;True;-1.4368610961896655;46.66064836113053;360919.2021133019;6627370.063373093
Loire-Atlantique;Bouaye;44018;EPINETTES;FR23157;background;O3;7;98.0;µg/m3;horaire;2023-04-21 17:00:00;2023-04-21 18:00:00;True;-1.6902690000000005;47.14608799999988;344775.68549371266;6682310.180873801
Sarthe;Spay;72344;FILLE;FR23163;background;O3;7;99.0;µg/m3;horaire;2023-04-21 17:00:00;2023-04-21 18:00:00;True;0.1518948064395943;47.92192248604607;487322.6743667995;6761783.716825325
Sarthe;Le Mans;72181;GUEDOU;FR23174;background;NO2;8;8.0;µg/m3;horaire;2023-04-21 17:00:00;2023-04-21 18:00:00;True;0.19605011554765286;47.98894827304624;490882.9153232856;6769108.857118812
Sarthe;Le Mans;72181;GUEDOU;FR23174;background;NO;38;0.8;µg/m3;horaire;2023-04-21 17:00:00;2023-04-21 18:00:00;True;0.19605011554765286;47.98894827304624;490882.9153232856;6769108.857118812
Sarthe;Le Mans;72181;GUEDOU;FR23174;background;NOx;9;9.3;µg/m3 eq NO2;horaire;2023-04-21 17:00:00;2023-04-21 18:00:00;True;0.19605011554765286;47.98894827304624;490882.9153232856;6769108.857118812
Maine-et-Loire;Bouchemaine;49035;CLOS DES BEAUVAIS;FR23175;background;O3;7;96.0;µg/m3;horaire;2023-04-21 17:00:00;2023-04-21 18:00:00;True;-0.6100060021346906;47.43011900354789;427967.33949541056;6709527.093695923
Mayenne;Saint-Denis-D'Anjou;53210;SAINT DENIS D'ANJOU;FR23177;background;NO;38;0.15;µg/m3;horaire;2023-04-21 17:00:00;2023-04-21 18:00:00;True;-0.4447696525665919;47.7883321330413;442146.2573931599;6748729.6000822345
Mayenne;Saint-Denis-D'Anjou;53210;SAINT DENIS D'ANJOU;FR23177;background;NO2;8;4.8;µg/m3;horaire;2023-04-21 17:00:00;2023-04-21 18:00:00;True;-0.4447696525665919;47.7883321330413;442146.2573931599;6748729.6000822345
Mayenne;Saint-Denis-D'Anjou;53210;SAINT DENIS D'ANJOU;FR23177;background;NOx;9;5.1;µg/m3 eq NO2;horaire;2023-04-21 17:00:00;2023-04-21 18:00:00;True;-0.4447696525665919;47.7883321330413;442146.2573931599;6748729.6000822345
Mayenne;Saint-Denis-D'Anjou;53210;SAINT DENIS D'ANJOU;FR23177;background;O3;7;97.0;µg/m3;horaire;2023-04-21 17:00:00;2023-04-21 18:00:00;True;-0.4447696525665919;47.7883321330413;442146.2573931599;6748729.6000822345
Mayenne;Saint-Denis-D'Anjou;53210;SAINT DENIS D'ANJOU;FR23177;background;PM10;5;9.6;µg/m3;horaire;2023-04-21 17:00:00;2023-04-21 18:00:00;True;-0.4447696525665919;47.7883321330413;442146.2573931599;6748729.6000822345
Loire-Atlantique;Donges;44052;PARSCAU DU PLESSIS;FR23178;industrial;NO;38;0.23;µg/m3;horaire;2023-04-21 17:00:00;2023-04-21 18:00:00;True;-2.06687664431583;47.318896029650766;317521.3409009125;6703228.095208768
Loire-Atlantique;Donges;44052;PARSCAU DU PLESSIS;FR23178;industrial;NO2;8;5.4;µg/m3;horaire;2023-04-21 17:00:00;2023-04-21 18:00:00;True;-2.06687664431583;47.318896029650766;317521.3409009125;6703228.095208768
Loire-Atlantique;Donges;44052;PARSCAU DU PLESSIS;FR23178;industrial;NOx;9;5.7;µg/m3 eq NO2;horaire;2023-04-21 17:00:00;2023-04-21 18:00:00;True;-2.06687664431583;47.318896029650766;317521.3409009125;6703228.095208768
Loire-Atlantique;Donges;44052;PARSCAU DU PLESSIS;FR23178;industrial;PM10;5;19.0;µg/m3;horaire;2023-04-21 17:00:00;2023-04-21 18:00:00;True;-2.06687664431583;47.318896029650766;317521.3409009125;6703228.095208768
Loire-Atlantique;Donges;44052;PARSCAU DU PLESSIS;FR23178;industrial;PM2.5;6001;14.0;µg/m3;horaire;2023-04-21 17:00:00;2023-04-21 18:00:00;True;-2.06687664431583;47.318896029650766;317521.3409009125;6703228.095208768
Loire-Atlantique;Donges;44052;PARSCAU DU PLESSIS;FR23178;industrial;SO2;1;0.0;µg/m3;horaire;2023-04-21 17:00:00;2023-04-21 18:00:00;True;-2.06687664431583;47.318896029650766;317521.3409009125;6703228.095208768
Loire-Atlantique;Saint-Nazaire;44184;PARC PAYSAGER;FR23181;background;NO;38;0.93;µg/m3;horaire;2023-04-21 17:00:00;2023-04-21 18:00:00;True;-2.2231753057476937;47.273129394194775;305403.8853541548;6698924.134703943
Loire-Atlantique;Saint-Nazaire;44184;PARC PAYSAGER;FR23181;background;NO2;8;13.0;µg/m3;horaire;2023-04-21 17:00:00;2023-04-21 18:00:00;True;-2.2231753057476937;47.273129394194775;305403.8853541548;6698924.134703943
Loire-Atlantique;Saint-Nazaire;44184;PARC PAYSAGER;FR23181;background;NOx;9;15.0;µg/m3 eq NO2;horaire;2023-04-21 17:00:00;2023-04-21 18:00:00;True;-2.2231753057476937;47.273129394194775;305403.8853541548;6698924.134703943
Loire-Atlantique;Saint-Nazaire;44184;PARC PAYSAGER;FR23181;background;SO2;1;2.3;µg/m3;horaire;2023-04-21 17:00:00;2023-04-21 18:00:00;True;-2.2231753057476937;47.273129394194775;305403.8853541548;6698924.134703943
Sarthe;Le Mans;72181;SOURCES;FR23182;background;NO2;8;3.9;µg/m3;horaire;2023-04-21 17:00:00;2023-04-21 18:00:00;True;0.2213390216306751;47.971141853614576;492698.55226572393;6767064.748575544
Sarthe;Le Mans;72181;SOURCES;FR23182;background;NO;38;0.8;µg/m3;horaire;2023-04-21 17:00:00;2023-04-21 18:00:00;True;0.2213390216306751;47.971141853614576;492698.55226572393;6767064.748575544
Sarthe;Le Mans;72181;SOURCES;FR23182;background;NOx;9;5.2;µg/m3 eq NO2;horaire;2023-04-21 17:00:00;2023-04-21 18:00:00;True;0.2213390216306751;47.971141853614576;492698.55226572393;6767064.748575544
Sarthe;Le Mans;72181;SOURCES;FR23182;background;O3;7;109.0;µg/m3;horaire;2023-04-21 17:00:00;2023-04-21 18:00:00;True;0.2213390216306751;47.971141853614576;492698.55226572393;6767064.748575544
Sarthe;Le Mans;72181;SOURCES;FR23182;background;PM10;5;11.0;µg/m3;horaire;2023-04-21 17:00:00;2023-04-21 18:00:00;True;0.2213390216306751;47.971141853614576;492698.55226572393;6767064.748575544
Sarthe;Le Mans;72181;SOURCES;FR23182;background;PM2.5;6001;7.7;µg/m3;horaire;2023-04-21 17:00:00;2023-04-21 18:00:00;True;0.2213390216306751;47.971141853614576;492698.55226572393;6767064.748575544
Loire-Atlantique;Nantes;44109;CIM BOUTEILLERIE;FR23188;background;BCwb;;24.0;%;horaire;2023-04-21 17:00:00;2023-04-21 18:00:00;True;-1.5374268258113177;47.22217589146574;356823.8361417605;6690071.409167136
Loire-Atlantique;Nantes;44109;CIM BOUTEILLERIE;FR23188;background;Hg;;0.36;ng/m3;horaire;2023-04-21 17:00:00;2023-04-21 18:00:00;True;-1.5374268258113177;47.22217589146574;356823.8361417605;6690071.409167136
Loire-Atlantique;Nantes;44109;CIM BOUTEILLERIE;FR23188;background;NO2;8;8.5;µg/m3;horaire;2023-04-21 17:00:00;2023-04-21 18:00:00;True;-1.5374268258113177;47.22217589146574;356823.8361417605;6690071.409167136
Loire-Atlantique;Nantes;44109;CIM BOUTEILLERIE;FR23188;background;NO;38;1.1;µg/m3;horaire;2023-04-21 17:00:00;2023-04-21 18:00:00;True;-1.5374268258113177;47.22217589146574;356823.8361417605;6690071.409167136
Loire-Atlantique;Nantes;44109;CIM BOUTEILLERIE;FR23188;background;NOx;9;10.0;µg/m3 eq NO2;horaire;2023-04-21 17:00:00;2023-04-21 18:00:00;True;-1.5374268258113177;47.22217589146574;356823.8361417605;6690071.409167136
Loire-Atlantique;Nantes;44109;CIM BOUTEILLERIE;FR23188;background;O3;7;94.0;µg/m3;horaire;2023-04-21 17:00:00;2023-04-21 18:00:00;True;-1.5374268258113177;47.22217589146574;356823.8361417605;6690071.409167136
Loire-Atlantique;Nantes;44109;CIM BOUTEILLERIE;FR23188;background;PM10;5;17.0;µg/m3;horaire;2023-04-21 17:00:00;2023-04-21 18:00:00;True;-1.5374268258113177;47.22217589146574;356823.8361417605;6690071.409167136
Loire-Atlantique;Nantes;44109;CIM BOUTEILLERIE;FR23188;background;PM2.5;6001;12.0;µg/m3;horaire;2023-04-21 17:00:00;2023-04-21 18:00:00;True;-1.5374268258113177;47.22217589146574;356823.8361417605;6690071.409167136
Loire-Atlantique;Nantes;44109;CIM BOUTEILLERIE;FR23188;background;PUF;;5255.0;P/cm3;horaire;2023-04-21 17:00:00;2023-04-21 18:00:00;True;-1.5374268258113177;47.22217589146574;356823.8361417605;6690071.409167136
Loire-Atlantique;Pornichet;44132;GASPARD;FR23230;background;O3;7;99.0;µg/m3;horaire;2023-04-21 17:00:00;2023-04-21 18:00:00;True;-2.3320669999999977;47.253055999964715;297039.3525861991;6697249.291127122
Loire-Atlantique;Rezé;44143;TRENTEMOULT;FR23238;specific;PM10;5;21.0;µg/m3;horaire;2023-04-21 17:00:00;2023-04-21 18:00:00;True;-1.5816779999999988;47.194146999964396;353300.20766508416;6687156.526597275
Loire-Atlantique;Rezé;44143;TRENTEMOULT;FR23238;specific;PM2.5;6001;14.0;µg/m3;horaire;2023-04-21 17:00:00;2023-04-21 18:00:00;True;-1.5816779999999988;47.194146999964396;353300.20766508416;6687156.526597275
Loire-Atlantique;Bouguenais;44020;LES COUETS;FR23239;industrial;NO2;8;9.9;µg/m3;horaire;2023-04-21 17:00:00;2023-04-21 18:00:00;True;-1.591496999999999;47.18591899996436;352504.9179813179;6686287.290819376
Loire-Atlantique;Bouguenais;44020;LES COUETS;FR23239;industrial;NO;38;1.4;µg/m3;horaire;2023-04-21 17:00:00;2023-04-21 18:00:00;True;-1.591496999999999;47.18591899996436;352504.9179813179;6686287.290819376
Loire-Atlantique;Bouguenais;44020;LES COUETS;FR23239;industrial;NOx;9;12.0;µg/m3 eq NO2;horaire;2023-04-21 17:00:00;2023-04-21 18:00:00;True;-1.591496999999999;47.18591899996436;352504.9179813179;6686287.290819376
Loire-Atlantique;Bouguenais;44020;LES COUETS;FR23239;industrial;PM10;5;23.0;µg/m3;horaire;2023-04-21 17:00:00;2023-04-21 18:00:00;True;-1.591496999999999;47.18591899996436;352504.9179813179;6686287.290819376
Loire-Atlantique;Bouguenais;44020;LES COUETS;FR23239;industrial;PM2.5;6001;11.0;µg/m3;horaire;2023-04-21 17:00:00;2023-04-21 18:00:00;True;-1.591496999999999;47.18591899996436;352504.9179813179;6686287.290819376
Maine-et-Loire;Angers;49007;ROI RENE;FR23242;traffic;NO;38;12.0;µg/m3;horaire;2023-04-21 17:00:00;2023-04-21 18:00:00;True;-0.5546410000000003;47.46693799998293;432320.60333853256;6713423.849690912
Maine-et-Loire;Angers;49007;ROI RENE;FR23242;traffic;NO2;8;33.0;µg/m3;horaire;2023-04-21 17:00:00;2023-04-21 18:00:00;True;-0.5546410000000003;47.46693799998293;432320.60333853256;6713423.849690912
Maine-et-Loire;Angers;49007;ROI RENE;FR23242;traffic;NOx;9;51.0;µg/m3 eq NO2;horaire;2023-04-21 17:00:00;2023-04-21 18:00:00;True;-0.5546410000000003;47.46693799998293;432320.60333853256;6713423.849690912
Maine-et-Loire;Angers;49007;ROI RENE;FR23242;traffic;PM10;5;15.0;µg/m3;horaire;2023-04-21 17:00:00;2023-04-21 18:00:00;True;-0.5546410000000003;47.46693799998293;432320.60333853256;6713423.849690912
Loire-Atlantique;Montoir-De-Bretagne;44103;CAMEE;FR23249;industrial;NO2;8;5.0;µg/m3;horaire;2023-04-21 17:00:00;2023-04-21 18:00:00;True;-2.1273331951941428;47.32113812654744;312980.25164916983;6703771.212179752
Loire-Atlantique;Montoir-De-Bretagne;44103;CAMEE;FR23249;industrial;NO;38;0.28;µg/m3;horaire;2023-04-21 17:00:00;2023-04-21 18:00:00;True;-2.1273331951941428;47.32113812654744;312980.25164916983;6703771.212179752
Loire-Atlantique;Montoir-De-Bretagne;44103;CAMEE;FR23249;industrial;NOx;9;5.4;µg/m3 eq NO2;horaire;2023-04-21 17:00:00;2023-04-21 18:00:00;True;-2.1273331951941428;47.32113812654744;312980.25164916983;6703771.212179752
Loire-Atlantique;Montoir-De-Bretagne;44103;CAMEE;FR23249;industrial;PM10;5;17.0;µg/m3;horaire;2023-04-21 17:00:00;2023-04-21 18:00:00;True;-2.1273331951941428;47.32113812654744;312980.25164916983;6703771.212179752
Loire-Atlantique;Montoir-De-Bretagne;44103;CAMEE;FR23249;industrial;PM2.5;6001;13.0;µg/m3;horaire;2023-04-21 17:00:00;2023-04-21 18:00:00;True;-2.1273331951941428;47.32113812654744;312980.25164916983;6703771.212179752
Loire-Atlantique;Montoir-De-Bretagne;44103;CAMEE;FR23249;industrial;SO2;1;1.4;µg/m3;horaire;2023-04-21 17:00:00;2023-04-21 18:00:00;True;-2.1273331951941428;47.32113812654744;312980.25164916983;6703771.212179752
Loire-Atlantique;Nantes;44109;FRERES GONCOURT;FR23251;traffic;C6H5-C2H5;431;0.47;µg/m3;horaire;2023-04-21 17:00:00;2023-04-21 18:00:00;True;-1.564803;47.23354499998231;354828.5774908221;6691451.497810739
Loire-Atlantique;Nantes;44109;FRERES GONCOURT;FR23251;traffic;C6H5-CH3;21;3.0;µg/m3;horaire;2023-04-21 17:00:00;2023-04-21 18:00:00;True;-1.564803;47.23354499998231;354828.5774908221;6691451.497810739
Loire-Atlantique;Nantes;44109;FRERES GONCOURT;FR23251;traffic;C6H6;20;1.2;µg/m3;horaire;2023-04-21 17:00:00;2023-04-21 18:00:00;True;-1.564803;47.23354499998231;354828.5774908221;6691451.497810739
Loire-Atlantique;Nantes;44109;FRERES GONCOURT;FR23251;traffic;CO;10;0.45;mg/m3;horaire;2023-04-21 17:00:00;2023-04-21 18:00:00;True;-1.564803;47.23354499998231;354828.5774908221;6691451.497810739
Loire-Atlantique;Nantes;44109;FRERES GONCOURT;FR23251;traffic;m,p-C6H4(CH3)2;464;1.8;µg/m3;horaire;2023-04-21 17:00:00;2023-04-21 18:00:00;True;-1.564803;47.23354499998231;354828.5774908221;6691451.497810739
Loire-Atlantique;Nantes;44109;FRERES GONCOURT;FR23251;traffic;NO;38;25.0;µg/m3;horaire;2023-04-21 17:00:00;2023-04-21 18:00:00;True;-1.564803;47.23354499998231;354828.5774908221;6691451.497810739
Loire-Atlantique;Nantes;44109;FRERES GONCOURT;FR23251;traffic;NO2;8;39.0;µg/m3;horaire;2023-04-21 17:00:00;2023-04-21 18:00:00;True;-1.564803;47.23354499998231;354828.5774908221;6691451.497810739
Loire-Atlantique;Nantes;44109;FRERES GONCOURT;FR23251;traffic;NOx;9;77.0;µg/m3 eq NO2;horaire;2023-04-21 17:00:00;2023-04-21 18:00:00;True;-1.564803;47.23354499998231;354828.5774908221;6691451.497810739
Loire-Atlantique;Nantes;44109;FRERES GONCOURT;FR23251;traffic;o-C6H4-(CH3)2;482;0.64;µg/m3;horaire;2023-04-21 17:00:00;2023-04-21 18:00:00;True;-1.564803;47.23354499998231;354828.5774908221;6691451.497810739
Loire-Atlantique;Nantes;44109;FRERES GONCOURT;FR23251;traffic;PM10;5;23.0;µg/m3;horaire;2023-04-21 17:00:00;2023-04-21 18:00:00;True;-1.564803;47.23354499998231;354828.5774908221;6691451.497810739
Loire-Atlantique;Nantes;44109;FRERES GONCOURT;FR23251;traffic;PM2.5;6001;14.0;µg/m3;horaire;2023-04-21 17:00:00;2023-04-21 18:00:00;True;-1.564803;47.23354499998231;354828.5774908221;6691451.497810739
Loire-Atlantique;Donges;44052;AMPERE;FR23001;industrial;SO2;1;0.23;µg/m3;horaire;2023-04-21 16:00:00;2023-04-21 17:00:00;True;-2.0813729293078014;47.324243646620644;316466.7822100732;6703891.209852793
Loire-Atlantique;Donges;44052;LA MEGRETAIS;FR23003;industrial;NO2;8;4.4;µg/m3;horaire;2023-04-21 16:00:00;2023-04-21 17:00:00;True;-2.039245335998521;47.322705228858595;319631.26531024784;6703516.8929397985
Loire-Atlantique;Donges;44052;LA MEGRETAIS;FR23003;industrial;NO;38;0.05;µg/m3;horaire;2023-04-21 16:00:00;2023-04-21 17:00:00;True;-2.039245335998521;47.322705228858595;319631.26531024784;6703516.8929397985
Loire-Atlantique;Donges;44052;LA MEGRETAIS;FR23003;industrial;NOx;9;4.5;µg/m3 eq NO2;horaire;2023-04-21 16:00:00;2023-04-21 17:00:00;True;-2.039245335998521;47.322705228858595;319631.26531024784;6703516.8929397985
Loire-Atlantique;Donges;44052;LA MEGRETAIS;FR23003;industrial;PM10;5;24.0;µg/m3;horaire;2023-04-21 16:00:00;2023-04-21 17:00:00;True;-2.039245335998521;47.322705228858595;319631.26531024784;6703516.8929397985
Loire-Atlantique;Donges;44052;LA MEGRETAIS;FR23003;industrial;PM2.5;6001;14.0;µg/m3;horaire;2023-04-21 16:00:00;2023-04-21 17:00:00;True;-2.039245335998521;47.322705228858595;319631.26531024784;6703516.8929397985
Loire-Atlantique;Donges;44052;LA MEGRETAIS;FR23003;industrial;SO2;1;0.0;µg/m3;horaire;2023-04-21 16:00:00;2023-04-21 17:00:00;True;-2.039245335998521;47.322705228858595;319631.26531024784;6703516.8929397985
Loire-Atlantique;Donges;44052;PASTEUR;FR23004;industrial;H2S;11;0.33;µg/m3;horaire;2023-04-21 16:00:00;2023-04-21 17:00:00;True;-2.073374401966883;47.31740262661712;317020.8741071;6703094.040787983
Loire-Atlantique;Donges;44052;PASTEUR;FR23004;industrial;SO2;1;0.63;µg/m3;horaire;2023-04-21 16:00:00;2023-04-21 17:00:00;True;-2.073374401966883;47.31740262661712;317020.8741071;6703094.040787983
Loire-Atlantique;Frossay;44061;FROSSAY;FR23068;industrial;NO2;8;5.7;µg/m3;horaire;2023-04-21 16:00:00;2023-04-21 17:00:00;True;-1.9365235553956817;47.24735229625331;326851.68236097385;6694673.195316758
Loire-Atlantique;Frossay;44061;FROSSAY;FR23068;industrial;NO;38;0.1;µg/m3;horaire;2023-04-21 16:00:00;2023-04-21 17:00:00;True;-1.9365235553956817;47.24735229625331;326851.68236097385;6694673.195316758
Loire-Atlantique;Frossay;44061;FROSSAY;FR23068;industrial;NOx;9;5.8;µg/m3 eq NO2;horaire;2023-04-21 16:00:00;2023-04-21 17:00:00;True;-1.9365235553956817;47.24735229625331;326851.68236097385;6694673.195316758
Loire-Atlantique;Frossay;44061;FROSSAY;FR23068;industrial;PM10;5;26.0;µg/m3;horaire;2023-04-21 16:00:00;2023-04-21 17:00:00;True;-1.9365235553956817;47.24735229625331;326851.68236097385;6694673.195316758
Loire-Atlantique;Frossay;44061;FROSSAY;FR23068;industrial;SO2;1;0.0;µg/m3;horaire;2023-04-21 16:00:00;2023-04-21 17:00:00;True;-1.9365235553956817;47.24735229625331;326851.68236097385;6694673.195316758
Loire-Atlantique;Savenay;44195;SAVENAY;FR23069;industrial;SO2;1;0.0;µg/m3;horaire;2023-04-21 16:00:00;2023-04-21 17:00:00;True;-1.9535935295608815;47.36020691809557;326348.9822352358;6707265.42533564
Loire-Atlantique;Saint-Etienne-De-Montluc;44158;SAINT ETIENNE DE MONTLUC;FR23070;industrial;NO2;8;3.9;µg/m3;horaire;2023-04-21 16:00:00;2023-04-21 17:00:00;True;-1.7830812813449453;47.28312712300018;338676.42390903604;6697925.914501535
Loire-Atlantique;Saint-Etienne-De-Montluc;44158;SAINT ETIENNE DE MONTLUC;FR23070;industrial;NO;38;0.075;µg/m3;horaire;2023-04-21 16:00:00;2023-04-21 17:00:00;True;-1.7830812813449453;47.28312712300018;338676.42390903604;6697925.914501535
Loire-Atlantique;Saint-Etienne-De-Montluc;44158;SAINT ETIENNE DE MONTLUC;FR23070;industrial;NOx;9;4.0;µg/m3 eq NO2;horaire;2023-04-21 16:00:00;2023-04-21 17:00:00;True;-1.7830812813449453;47.28312712300018;338676.42390903604;6697925.914501535
Loire-Atlantique;Saint-Etienne-De-Montluc;44158;SAINT ETIENNE DE MONTLUC;FR23070;industrial;PM10;5;18.0;µg/m3;horaire;2023-04-21 16:00:00;2023-04-21 17:00:00;True;-1.7830812813449453;47.28312712300018;338676.42390903604;6697925.914501535
Loire-Atlantique;Saint-Etienne-De-Montluc;44158;SAINT ETIENNE DE MONTLUC;FR23070;industrial;PM2.5;6001;12.0;µg/m3;horaire;2023-04-21 16:00:00;2023-04-21 17:00:00;True;-1.7830812813449453;47.28312712300018;338676.42390903604;6697925.914501535
Loire-Atlantique;Saint-Etienne-De-Montluc;44158;SAINT ETIENNE DE MONTLUC;FR23070;industrial;SO2;1;0.65;µg/m3;horaire;2023-04-21 16:00:00;2023-04-21 17:00:00;True;-1.7830812813449453;47.28312712300018;338676.42390903604;6697925.914501535
Loire-Atlantique;Trignac;44210;JULES VERNE;FR23075;industrial;NO2;8;8.2;µg/m3;horaire;2023-04-21 16:00:00;2023-04-21 17:00:00;True;-2.1904076735030835;47.315645037165524;308186.02080619615;6703473.391126138
Loire-Atlantique;Trignac;44210;JULES VERNE;FR23075;industrial;NO;38;1.4;µg/m3;horaire;2023-04-21 16:00:00;2023-04-21 17:00:00;True;-2.1904076735030835;47.315645037165524;308186.02080619615;6703473.391126138
Loire-Atlantique;Trignac;44210;JULES VERNE;FR23075;industrial;NOx;9;10.0;µg/m3 eq NO2;horaire;2023-04-21 16:00:00;2023-04-21 17:00:00;True;-2.1904076735030835;47.315645037165524;308186.02080619615;6703473.391126138
Maine-et-Loire;Cholet;49099;SAINT EXUPERY;FR23078;background;NO2;8;7.6;µg/m3;horaire;2023-04-21 16:00:00;2023-04-21 17:00:00;True;-0.8835758137839181;47.055828646104125;405324.4925768649;6668979.670961294
Maine-et-Loire;Cholet;49099;SAINT EXUPERY;FR23078;background;NO;38;1.1;µg/m3;horaire;2023-04-21 16:00:00;2023-04-21 17:00:00;True;-0.8835758137839181;47.055828646104125;405324.4925768649;6668979.670961294
Maine-et-Loire;Cholet;49099;SAINT EXUPERY;FR23078;background;NOx;9;9.2;µg/m3 eq NO2;horaire;2023-04-21 16:00:00;2023-04-21 17:00:00;True;-0.8835758137839181;47.055828646104125;405324.4925768649;6668979.670961294
Maine-et-Loire;Cholet;49099;SAINT EXUPERY;FR23078;background;O3;7;103.0;µg/m3;horaire;2023-04-21 16:00:00;2023-04-21 17:00:00;True;-0.8835758137839181;47.055828646104125;405324.4925768649;6668979.670961294
Maine-et-Loire;Cholet;49099;SAINT EXUPERY;FR23078;background;PM10;5;14.0;µg/m3;horaire;2023-04-21 16:00:00;2023-04-21 17:00:00;True;-0.8835758137839181;47.055828646104125;405324.4925768649;6668979.670961294
Loire-Atlantique;Nantes;44109;LA CHAUVINIERE;FR23107;background;NO2;8;6.2;µg/m3;horaire;2023-04-21 16:00:00;2023-04-21 17:00:00;True;-1.5732745401793513;47.25291196744293;354313.2357701814;6693636.219563372
Loire-Atlantique;Nantes;44109;LA CHAUVINIERE;FR23107;background;NO;38;0.65;µg/m3;horaire;2023-04-21 16:00:00;2023-04-21 17:00:00;True;-1.5732745401793513;47.25291196744293;354313.2357701814;6693636.219563372
Loire-Atlantique;Nantes;44109;LA CHAUVINIERE;FR23107;background;NOx;9;7.2;µg/m3 eq NO2;horaire;2023-04-21 16:00:00;2023-04-21 17:00:00;True;-1.5732745401793513;47.25291196744293;354313.2357701814;6693636.219563372
Loire-Atlantique;Nantes;44109;LA CHAUVINIERE;FR23107;background;PM10;5;16.0;µg/m3;horaire;2023-04-21 16:00:00;2023-04-21 17:00:00;True;-1.5732745401793513;47.25291196744293;354313.2357701814;6693636.219563372
Loire-Atlantique;Nantes;44109;LA CHAUVINIERE;FR23107;background;PM2.5;6001;13.0;µg/m3;horaire;2023-04-21 16:00:00;2023-04-21 17:00:00;True;-1.5732745401793513;47.25291196744293;354313.2357701814;6693636.219563372
Loire-Atlantique;Saint-Nazaire;44184;LEON BLUM;FR23110;background;NO2;8;6.4;µg/m3;horaire;2023-04-21 16:00:00;2023-04-21 17:00:00;True;-2.2501538782724806;47.26411028437446;303302.1643903805;6698059.671526036
Loire-Atlantique;Saint-Nazaire;44184;LEON BLUM;FR23110;background;NO;38;0.57;µg/m3;horaire;2023-04-21 16:00:00;2023-04-21 17:00:00;True;-2.2501538782724806;47.26411028437446;303302.1643903805;6698059.671526036
Loire-Atlantique;Saint-Nazaire;44184;LEON BLUM;FR23110;background;NOx;9;7.2;µg/m3 eq NO2;horaire;2023-04-21 16:00:00;2023-04-21 17:00:00;True;-2.2501538782724806;47.26411028437446;303302.1643903805;6698059.671526036
Loire-Atlantique;Saint-Nazaire;44184;LEON BLUM;FR23110;background;O3;7;101.0;µg/m3;horaire;2023-04-21 16:00:00;2023-04-21 17:00:00;True;-2.2501538782724806;47.26411028437446;303302.1643903805;6698059.671526036
Loire-Atlantique;Saint-Nazaire;44184;LEON BLUM;FR23110;background;PM10;5;26.0;µg/m3;horaire;2023-04-21 16:00:00;2023-04-21 17:00:00;True;-2.2501538782724806;47.26411028437446;303302.1643903805;6698059.671526036
Loire-Atlantique;Saint-Nazaire;44184;LEON BLUM;FR23110;background;PM2.5;6001;10.0;µg/m3;horaire;2023-04-21 16:00:00;2023-04-21 17:00:00;True;-2.2501538782724806;47.26411028437446;303302.1643903805;6698059.671526036
Maine-et-Loire;Angers;49007;BEAUX ARTS;FR23120;background;NO2;8;6.7;µg/m3;horaire;2023-04-21 16:00:00;2023-04-21 17:00:00;True;-0.5559330038543386;47.46849236147444;432231.14920499554;6713600.72883131
Maine-et-Loire;Angers;49007;BEAUX ARTS;FR23120;background;NO;38;0.83;µg/m3;horaire;2023-04-21 16:00:00;2023-04-21 17:00:00;True;-0.5559330038543386;47.46849236147444;432231.14920499554;6713600.72883131
Maine-et-Loire;Angers;49007;BEAUX ARTS;FR23120;background;NOx;9;8.0;µg/m3 eq NO2;horaire;2023-04-21 16:00:00;2023-04-21 17:00:00;True;-0.5559330038543386;47.46849236147444;432231.14920499554;6713600.72883131
Maine-et-Loire;Angers;49007;BEAUX ARTS;FR23120;background;PM10;5;13.0;µg/m3;horaire;2023-04-21 16:00:00;2023-04-21 17:00:00;True;-0.5559330038543386;47.46849236147444;432231.14920499554;6713600.72883131
Maine-et-Loire;Angers;49007;BEAUX ARTS;FR23120;background;PM2.5;6001;9.5;µg/m3;horaire;2023-04-21 16:00:00;2023-04-21 17:00:00;True;-0.5559330038543386;47.46849236147444;432231.14920499554;6713600.72883131
Mayenne;Laval;53130;MAZAGRAN;FR23123;background;NO2;8;5.3;µg/m3;horaire;2023-04-21 16:00:00;2023-04-21 17:00:00;True;-0.7681529262800582;48.06936514490995;419447.0551375298;6781027.2411395665
Mayenne;Laval;53130;MAZAGRAN;FR23123;background;NO;38;0.3;µg/m3;horaire;2023-04-21 16:00:00;2023-04-21 17:00:00;True;-0.7681529262800582;48.06936514490995;419447.0551375298;6781027.2411395665
Mayenne;Laval;53130;MAZAGRAN;FR23123;background;NOx;9;5.8;µg/m3 eq NO2;horaire;2023-04-21 16:00:00;2023-04-21 17:00:00;True;-0.7681529262800582;48.06936514490995;419447.0551375298;6781027.2411395665
Mayenne;Laval;53130;MAZAGRAN;FR23123;background;O3;7;99.0;µg/m3;horaire;2023-04-21 16:00:00;2023-04-21 17:00:00;True;-0.7681529262800582;48.06936514490995;419447.0551375298;6781027.2411395665
Mayenne;Laval;53130;MAZAGRAN;FR23123;background;PM10;5;11.0;µg/m3;horaire;2023-04-21 16:00:00;2023-04-21 17:00:00;True;-0.7681529262800582;48.06936514490995;419447.0551375298;6781027.2411395665
Vendée;La Tardière;85289;LA TARDIERE;FR23124;background;NH3;35;4.7;µg/m3;horaire;2023-04-21 16:00:00;2023-04-21 17:00:00;True;-0.7433812921256286;46.65662489362803;413852.8420801177;6624178.2980740825
Vendée;La Tardière;85289;LA TARDIERE;FR23124;background;NO2;8;3.6;µg/m3;horaire;2023-04-21 16:00:00;2023-04-21 17:00:00;True;-0.7433812921256286;46.65662489362803;413852.8420801177;6624178.2980740825
Vendée;La Tardière;85289;LA TARDIERE;FR23124;background;NO;38;0.48;µg/m3;horaire;2023-04-21 16:00:00;2023-04-21 17:00:00;True;-0.7433812921256286;46.65662489362803;413852.8420801177;6624178.2980740825
Vendée;La Tardière;85289;LA TARDIERE;FR23124;background;NOx;9;4.3;µg/m3 eq NO2;horaire;2023-04-21 16:00:00;2023-04-21 17:00:00;True;-0.7433812921256286;46.65662489362803;413852.8420801177;6624178.2980740825
Vendée;La Tardière;85289;LA TARDIERE;FR23124;background;O3;7;93.0;µg/m3;horaire;2023-04-21 16:00:00;2023-04-21 17:00:00;True;-0.7433812921256286;46.65662489362803;413852.8420801177;6624178.2980740825
Vendée;La Tardière;85289;LA TARDIERE;FR23124;background;PM10;5;;µg/m3;horaire;2023-04-21 16:00:00;2023-04-21 17:00:00;False;-0.7433812921256286;46.65662489362803;413852.8420801177;6624178.2980740825
Vendée;La Tardière;85289;LA TARDIERE;FR23124;background;PM10;5;17.0;µg/m3;horaire;2023-04-21 16:00:00;2023-04-21 17:00:00;True;-0.7433812921256286;46.65662489362803;413852.8420801177;6624178.2980740825
Vendée;La Tardière;85289;LA TARDIERE;FR23124;background;PM2.5;6001;;µg/m3;horaire;2023-04-21 16:00:00;2023-04-21 17:00:00;False;-0.7433812921256286;46.65662489362803;413852.8420801177;6624178.2980740825
Loire-Atlantique;Paimbœuf;44116;CUTULLIC2;FR23149;industrial;SO2;1;1.8;µg/m3;horaire;2023-04-21 16:00:00;2023-04-21 17:00:00;True;-2.0324417113714177;47.28616795300179;319885.62629199366;6699433.757790069
Maine-et-Loire;Angers;49007;APPENTIS;FR23150;background;NO2;8;7.1;µg/m3;horaire;2023-04-21 16:00:00;2023-04-21 17:00:00;True;-0.5501000222079123;47.447336007801624;432564.4583844049;6711233.097282906
Maine-et-Loire;Angers;49007;APPENTIS;FR23150;background;NO;38;1.1;µg/m3;horaire;2023-04-21 16:00:00;2023-04-21 17:00:00;True;-0.5501000222079123;47.447336007801624;432564.4583844049;6711233.097282906
Maine-et-Loire;Angers;49007;APPENTIS;FR23150;background;NOx;9;8.8;µg/m3 eq NO2;horaire;2023-04-21 16:00:00;2023-04-21 17:00:00;True;-0.5501000222079123;47.447336007801624;432564.4583844049;6711233.097282906
Maine-et-Loire;Angers;49007;APPENTIS;FR23150;background;O3;7;100.0;µg/m3;horaire;2023-04-21 16:00:00;2023-04-21 17:00:00;True;-0.5501000222079123;47.447336007801624;432564.4583844049;6711233.097282906
Vendée;La Roche-Sur-Yon;85191;DELACROIX;FR23152;background;NO2;8;6.1;µg/m3;horaire;2023-04-21 16:00:00;2023-04-21 17:00:00;True;-1.4368610961896655;46.66064836113053;360919.2021133019;6627370.063373093
Vendée;La Roche-Sur-Yon;85191;DELACROIX;FR23152;background;NO;38;1.1;µg/m3;horaire;2023-04-21 16:00:00;2023-04-21 17:00:00;True;-1.4368610961896655;46.66064836113053;360919.2021133019;6627370.063373093
Vendée;La Roche-Sur-Yon;85191;DELACROIX;FR23152;background;NOx;9;7.8;µg/m3 eq NO2;horaire;2023-04-21 16:00:00;2023-04-21 17:00:00;True;-1.4368610961896655;46.66064836113053;360919.2021133019;6627370.063373093
Vendée;La Roche-Sur-Yon;85191;DELACROIX;FR23152;background;O3;7;95.0;µg/m3;horaire;2023-04-21 16:00:00;2023-04-21 17:00:00;True;-1.4368610961896655;46.66064836113053;360919.2021133019;6627370.063373093
Vendée;La Roche-Sur-Yon;85191;DELACROIX;FR23152;background;PM10;5;16.0;µg/m3;horaire;2023-04-21 16:00:00;2023-04-21 17:00:00;True;-1.4368610961896655;46.66064836113053;360919.2021133019;6627370.063373093
Vendée;La Roche-Sur-Yon;85191;DELACROIX;FR23152;background;PM2.5;6001;9.3;µg/m3;horaire;2023-04-21 16:00:00;2023-04-21 17:00:00;True;-1.4368610961896655;46.66064836113053;360919.2021133019;6627370.063373093
Loire-Atlantique;Bouaye;44018;EPINETTES;FR23157;background;O3;7;100.0;µg/m3;horaire;2023-04-21 16:00:00;2023-04-21 17:00:00;True;-1.6902690000000005;47.14608799999988;344775.68549371266;6682310.180873801
Sarthe;Spay;72344;FILLE;FR23163;background;O3;7;100.0;µg/m3;horaire;2023-04-21 16:00:00;2023-04-21 17:00:00;True;0.1518948064395943;47.92192248604607;487322.6743667995;6761783.716825325
Sarthe;Le Mans;72181;GUEDOU;FR23174;background;NO2;8;7.8;µg/m3;horaire;2023-04-21 16:00:00;2023-04-21 17:00:00;True;0.19605011554765286;47.98894827304624;490882.9153232856;6769108.857118812
Sarthe;Le Mans;72181;GUEDOU;FR23174;background;NO;38;0.98;µg/m3;horaire;2023-04-21 16:00:00;2023-04-21 17:00:00;True;0.19605011554765286;47.98894827304624;490882.9153232856;6769108.857118812
Sarthe;Le Mans;72181;GUEDOU;FR23174;background;NOx;9;9.3;µg/m3 eq NO2;horaire;2023-04-21 16:00:00;2023-04-21 17:00:00;True;0.19605011554765286;47.98894827304624;490882.9153232856;6769108.857118812
Maine-et-Loire;Bouchemaine;49035;CLOS DES BEAUVAIS;FR23175;background;O3;7;97.0;µg/m3;horaire;2023-04-21 16:00:00;2023-04-21 17:00:00;True;-0.6100060021346906;47.43011900354789;427967.33949541056;6709527.093695923
Mayenne;Saint-Denis-D'Anjou;53210;SAINT DENIS D'ANJOU;FR23177;background;NO;38;0.3;µg/m3;horaire;2023-04-21 16:00:00;2023-04-21 17:00:00;True;-0.4447696525665919;47.7883321330413;442146.2573931599;6748729.6000822345
Mayenne;Saint-Denis-D'Anjou;53210;SAINT DENIS D'ANJOU;FR23177;background;NO2;8;4.8;µg/m3;horaire;2023-04-21 16:00:00;2023-04-21 17:00:00;True;-0.4447696525665919;47.7883321330413;442146.2573931599;6748729.6000822345
Mayenne;Saint-Denis-D'Anjou;53210;SAINT DENIS D'ANJOU;FR23177;background;NOx;9;5.3;µg/m3 eq NO2;horaire;2023-04-21 16:00:00;2023-04-21 17:00:00;True;-0.4447696525665919;47.7883321330413;442146.2573931599;6748729.6000822345
Mayenne;Saint-Denis-D'Anjou;53210;SAINT DENIS D'ANJOU;FR23177;background;O3;7;101.0;µg/m3;horaire;2023-04-21 16:00:00;2023-04-21 17:00:00;True;-0.4447696525665919;47.7883321330413;442146.2573931599;6748729.6000822345
Mayenne;Saint-Denis-D'Anjou;53210;SAINT DENIS D'ANJOU;FR23177;background;PM10;5;11.0;µg/m3;horaire;2023-04-21 16:00:00;2023-04-21 17:00:00;True;-0.4447696525665919;47.7883321330413;442146.2573931599;6748729.6000822345
Loire-Atlantique;Donges;44052;PARSCAU DU PLESSIS;FR23178;industrial;NO;38;0.25;µg/m3;horaire;2023-04-21 16:00:00;2023-04-21 17:00:00;True;-2.06687664431583;47.318896029650766;317521.3409009125;6703228.095208768
Loire-Atlantique;Donges;44052;PARSCAU DU PLESSIS;FR23178;industrial;NO2;8;5.4;µg/m3;horaire;2023-04-21 16:00:00;2023-04-21 17:00:00;True;-2.06687664431583;47.318896029650766;317521.3409009125;6703228.095208768
Loire-Atlantique;Donges;44052;PARSCAU DU PLESSIS;FR23178;industrial;NOx;9;5.8;µg/m3 eq NO2;horaire;2023-04-21 16:00:00;2023-04-21 17:00:00;True;-2.06687664431583;47.318896029650766;317521.3409009125;6703228.095208768
Loire-Atlantique;Donges;44052;PARSCAU DU PLESSIS;FR23178;industrial;PM10;5;18.0;µg/m3;horaire;2023-04-21 16:00:00;2023-04-21 17:00:00;True;-2.06687664431583;47.318896029650766;317521.3409009125;6703228.095208768
Loire-Atlantique;Donges;44052;PARSCAU DU PLESSIS;FR23178;industrial;PM2.5;6001;14.0;µg/m3;horaire;2023-04-21 16:00:00;2023-04-21 17:00:00;True;-2.06687664431583;47.318896029650766;317521.3409009125;6703228.095208768
Loire-Atlantique;Donges;44052;PARSCAU DU PLESSIS;FR23178;industrial;SO2;1;0.0;µg/m3;horaire;2023-04-21 16:00:00;2023-04-21 17:00:00;True;-2.06687664431583;47.318896029650766;317521.3409009125;6703228.095208768
Loire-Atlantique;Saint-Nazaire;44184;PARC PAYSAGER;FR23181;background;NO;38;0.7;µg/m3;horaire;2023-04-21 16:00:00;2023-04-21 17:00:00;True;-2.2231753057476937;47.273129394194775;305403.8853541548;6698924.134703943
Loire-Atlantique;Saint-Nazaire;44184;PARC PAYSAGER;FR23181;background;NO2;8;8.5;µg/m3;horaire;2023-04-21 16:00:00;2023-04-21 17:00:00;True;-2.2231753057476937;47.273129394194775;305403.8853541548;6698924.134703943
Loire-Atlantique;Saint-Nazaire;44184;PARC PAYSAGER;FR23181;background;NOx;9;9.7;µg/m3 eq NO2;horaire;2023-04-21 16:00:00;2023-04-21 17:00:00;True;-2.2231753057476937;47.273129394194775;305403.8853541548;6698924.134703943
Loire-Atlantique;Saint-Nazaire;44184;PARC PAYSAGER;FR23181;background;SO2;1;1.8;µg/m3;horaire;2023-04-21 16:00:00;2023-04-21 17:00:00;True;-2.2231753057476937;47.273129394194775;305403.8853541548;6698924.134703943
Sarthe;Le Mans;72181;SOURCES;FR23182;background;NO2;8;3.2;µg/m3;horaire;2023-04-21 16:00:00;2023-04-21 17:00:00;True;0.2213390216306751;47.971141853614576;492698.55226572393;6767064.748575544
Sarthe;Le Mans;72181;SOURCES;FR23182;background;NO;38;1.0;µg/m3;horaire;2023-04-21 16:00:00;2023-04-21 17:00:00;True;0.2213390216306751;47.971141853614576;492698.55226572393;6767064.748575544
Sarthe;Le Mans;72181;SOURCES;FR23182;background;NOx;9;4.8;µg/m3 eq NO2;horaire;2023-04-21 16:00:00;2023-04-21 17:00:00;True;0.2213390216306751;47.971141853614576;492698.55226572393;6767064.748575544
Sarthe;Le Mans;72181;SOURCES;FR23182;background;O3;7;109.0;µg/m3;horaire;2023-04-21 16:00:00;2023-04-21 17:00:00;True;0.2213390216306751;47.971141853614576;492698.55226572393;6767064.748575544
Sarthe;Le Mans;72181;SOURCES;FR23182;background;PM10;5;12.0;µg/m3;horaire;2023-04-21 16:00:00;2023-04-21 17:00:00;True;0.2213390216306751;47.971141853614576;492698.55226572393;6767064.748575544
Sarthe;Le Mans;72181;SOURCES;FR23182;background;PM2.5;6001;9.6;µg/m3;horaire;2023-04-21 16:00:00;2023-04-21 17:00:00;True;0.2213390216306751;47.971141853614576;492698.55226572393;6767064.748575544
Loire-Atlantique;Nantes;44109;CIM BOUTEILLERIE;FR23188;background;BCwb;;19.0;%;horaire;2023-04-21 16:00:00;2023-04-21 17:00:00;True;-1.5374268258113177;47.22217589146574;356823.8361417605;6690071.409167136
Loire-Atlantique;Nantes;44109;CIM BOUTEILLERIE;FR23188;background;Hg;;0.37;ng/m3;horaire;2023-04-21 16:00:00;2023-04-21 17:00:00;True;-1.5374268258113177;47.22217589146574;356823.8361417605;6690071.409167136
Loire-Atlantique;Nantes;44109;CIM BOUTEILLERIE;FR23188;background;NO2;8;8.3;µg/m3;horaire;2023-04-21 16:00:00;2023-04-21 17:00:00;True;-1.5374268258113177;47.22217589146574;356823.8361417605;6690071.409167136
Loire-Atlantique;Nantes;44109;CIM BOUTEILLERIE;FR23188;background;NO;38;1.2;µg/m3;horaire;2023-04-21 16:00:00;2023-04-21 17:00:00;True;-1.5374268258113177;47.22217589146574;356823.8361417605;6690071.409167136
Loire-Atlantique;Nantes;44109;CIM BOUTEILLERIE;FR23188;background;NOx;9;10.0;µg/m3 eq NO2;horaire;2023-04-21 16:00:00;2023-04-21 17:00:00;True;-1.5374268258113177;47.22217589146574;356823.8361417605;6690071.409167136
Loire-Atlantique;Nantes;44109;CIM BOUTEILLERIE;FR23188;background;O3;7;94.0;µg/m3;horaire;2023-04-21 16:00:00;2023-04-21 17:00:00;True;-1.5374268258113177;47.22217589146574;356823.8361417605;6690071.409167136
Loire-Atlantique;Nantes;44109;CIM BOUTEILLERIE;FR23188;background;PM10;5;17.0;µg/m3;horaire;2023-04-21 16:00:00;2023-04-21 17:00:00;True;-1.5374268258113177;47.22217589146574;356823.8361417605;6690071.409167136
Loire-Atlantique;Nantes;44109;CIM BOUTEILLERIE;FR23188;background;PM2.5;6001;13.0;µg/m3;horaire;2023-04-21 16:00:00;2023-04-21 17:00:00;True;-1.5374268258113177;47.22217589146574;356823.8361417605;6690071.409167136
Loire-Atlantique;Nantes;44109;CIM BOUTEILLERIE;FR23188;background;PUF;;4703.0;P/cm3;horaire;2023-04-21 16:00:00;2023-04-21 17:00:00;True;-1.5374268258113177;47.22217589146574;356823.8361417605;6690071.409167136
Loire-Atlantique;Pornichet;44132;GASPARD;FR23230;background;O3;7;103.0;µg/m3;horaire;2023-04-21 16:00:00;2023-04-21 17:00:00;True;-2.3320669999999977;47.253055999964715;297039.3525861991;6697249.291127122
Loire-Atlantique;Rezé;44143;TRENTEMOULT;FR23238;specific;PM10;5;22.0;µg/m3;horaire;2023-04-21 16:00:00;2023-04-21 17:00:00;True;-1.5816779999999988;47.194146999964396;353300.20766508416;6687156.526597275
Loire-Atlantique;Rezé;44143;TRENTEMOULT;FR23238;specific;PM2.5;6001;14.0;µg/m3;horaire;2023-04-21 16:00:00;2023-04-21 17:00:00;True;-1.5816779999999988;47.194146999964396;353300.20766508416;6687156.526597275
Loire-Atlantique;Bouguenais;44020;LES COUETS;FR23239;industrial;NO2;8;8.0;µg/m3;horaire;2023-04-21 16:00:00;2023-04-21 17:00:00;True;-1.591496999999999;47.18591899996436;352504.9179813179;6686287.290819376
Loire-Atlantique;Bouguenais;44020;LES COUETS;FR23239;industrial;NO;38;1.8;µg/m3;horaire;2023-04-21 16:00:00;2023-04-21 17:00:00;True;-1.591496999999999;47.18591899996436;352504.9179813179;6686287.290819376
Loire-Atlantique;Bouguenais;44020;LES COUETS;FR23239;industrial;NOx;9;11.0;µg/m3 eq NO2;horaire;2023-04-21 16:00:00;2023-04-21 17:00:00;True;-1.591496999999999;47.18591899996436;352504.9179813179;6686287.290819376
Loire-Atlantique;Bouguenais;44020;LES COUETS;FR23239;industrial;PM10;5;13.0;µg/m3;horaire;2023-04-21 16:00:00;2023-04-21 17:00:00;True;-1.591496999999999;47.18591899996436;352504.9179813179;6686287.290819376
Loire-Atlantique;Bouguenais;44020;LES COUETS;FR23239;industrial;PM2.5;6001;8.7;µg/m3;horaire;2023-04-21 16:00:00;2023-04-21 17:00:00;True;-1.591496999999999;47.18591899996436;352504.9179813179;6686287.290819376
Maine-et-Loire;Angers;49007;ROI RENE;FR23242;traffic;NO;38;5.7;µg/m3;horaire;2023-04-21 16:00:00;2023-04-21 17:00:00;True;-0.5546410000000003;47.46693799998293;432320.60333853256;6713423.849690912
Maine-et-Loire;Angers;49007;ROI RENE;FR23242;traffic;NO2;8;23.0;µg/m3;horaire;2023-04-21 16:00:00;2023-04-21 17:00:00;True;-0.5546410000000003;47.46693799998293;432320.60333853256;6713423.849690912
Maine-et-Loire;Angers;49007;ROI RENE;FR23242;traffic;NOx;9;32.0;µg/m3 eq NO2;horaire;2023-04-21 16:00:00;2023-04-21 17:00:00;True;-0.5546410000000003;47.46693799998293;432320.60333853256;6713423.849690912
Maine-et-Loire;Angers;49007;ROI RENE;FR23242;traffic;PM10;5;16.0;µg/m3;horaire;2023-04-21 16:00:00;2023-04-21 17:00:00;True;-0.5546410000000003;47.46693799998293;432320.60333853256;6713423.849690912
Loire-Atlantique;Montoir-De-Bretagne;44103;CAMEE;FR23249;industrial;NO2;8;4.4;µg/m3;horaire;2023-04-21 16:00:00;2023-04-21 17:00:00;True;-2.1273331951941428;47.32113812654744;312980.25164916983;6703771.212179752
Loire-Atlantique;Montoir-De-Bretagne;44103;CAMEE;FR23249;industrial;NO;38;0.28;µg/m3;horaire;2023-04-21 16:00:00;2023-04-21 17:00:00;True;-2.1273331951941428;47.32113812654744;312980.25164916983;6703771.212179752
Loire-Atlantique;Montoir-De-Bretagne;44103;CAMEE;FR23249;industrial;NOx;9;4.9;µg/m3 eq NO2;horaire;2023-04-21 16:00:00;2023-04-21 17:00:00;True;-2.1273331951941428;47.32113812654744;312980.25164916983;6703771.212179752
Loire-Atlantique;Montoir-De-Bretagne;44103;CAMEE;FR23249;industrial;PM10;5;20.0;µg/m3;horaire;2023-04-21 16:00:00;2023-04-21 17:00:00;True;-2.1273331951941428;47.32113812654744;312980.25164916983;6703771.212179752
Loire-Atlantique;Montoir-De-Bretagne;44103;CAMEE;FR23249;industrial;PM2.5;6001;13.0;µg/m3;horaire;2023-04-21 16:00:00;2023-04-21 17:00:00;True;-2.1273331951941428;47.32113812654744;312980.25164916983;6703771.212179752
Loire-Atlantique;Montoir-De-Bretagne;44103;CAMEE;FR23249;industrial;SO2;1;1.1;µg/m3;horaire;2023-04-21 16:00:00;2023-04-21 17:00:00;True;-2.1273331951941428;47.32113812654744;312980.25164916983;6703771.212179752
Loire-Atlantique;Nantes;44109;FRERES GONCOURT;FR23251;traffic;C6H5-C2H5;431;0.56;µg/m3;horaire;2023-04-21 16:00:00;2023-04-21 17:00:00;True;-1.564803;47.23354499998231;354828.5774908221;6691451.497810739
Loire-Atlantique;Nantes;44109;FRERES GONCOURT;FR23251;traffic;C6H5-CH3;21;3.8;µg/m3;horaire;2023-04-21 16:00:00;2023-04-21 17:00:00;True;-1.564803;47.23354499998231;354828.5774908221;6691451.497810739
Loire-Atlantique;Nantes;44109;FRERES GONCOURT;FR23251;traffic;C6H6;20;1.1;µg/m3;horaire;2023-04-21 16:00:00;2023-04-21 17:00:00;True;-1.564803;47.23354499998231;354828.5774908221;6691451.497810739
Loire-Atlantique;Nantes;44109;FRERES GONCOURT;FR23251;traffic;CO;10;0.43;mg/m3;horaire;2023-04-21 16:00:00;2023-04-21 17:00:00;True;-1.564803;47.23354499998231;354828.5774908221;6691451.497810739
Loire-Atlantique;Nantes;44109;FRERES GONCOURT;FR23251;traffic;m,p-C6H4(CH3)2;464;2.1;µg/m3;horaire;2023-04-21 16:00:00;2023-04-21 17:00:00;True;-1.564803;47.23354499998231;354828.5774908221;6691451.497810739
Loire-Atlantique;Nantes;44109;FRERES GONCOURT;FR23251;traffic;NO;38;39.0;µg/m3;horaire;2023-04-21 16:00:00;2023-04-21 17:00:00;True;-1.564803;47.23354499998231;354828.5774908221;6691451.497810739
Loire-Atlantique;Nantes;44109;FRERES GONCOURT;FR23251;traffic;NO2;8;48.0;µg/m3;horaire;2023-04-21 16:00:00;2023-04-21 17:00:00;True;-1.564803;47.23354499998231;354828.5774908221;6691451.497810739
Loire-Atlantique;Nantes;44109;FRERES GONCOURT;FR23251;traffic;NOx;9;108.0;µg/m3 eq NO2;horaire;2023-04-21 16:00:00;2023-04-21 17:00:00;True;-1.564803;47.23354499998231;354828.5774908221;6691451.497810739
Loire-Atlantique;Nantes;44109;FRERES GONCOURT;FR23251;traffic;o-C6H4-(CH3)2;482;0.79;µg/m3;horaire;2023-04-21 16:00:00;2023-04-21 17:00:00;True;-1.564803;47.23354499998231;354828.5774908221;6691451.497810739
Loire-Atlantique;Nantes;44109;FRERES GONCOURT;FR23251;traffic;PM10;5;25.0;µg/m3;horaire;2023-04-21 16:00:00;2023-04-21 17:00:00;True;-1.564803;47.23354499998231;354828.5774908221;6691451.497810739
Loire-Atlantique;Nantes;44109;FRERES GONCOURT;FR23251;traffic;PM2.5;6001;13.0;µg/m3;horaire;2023-04-21 16:00:00;2023-04-21 17:00:00;True;-1.564803;47.23354499998231;354828.5774908221;6691451.497810739
Loire-Atlantique;Donges;44052;AMPERE;FR23001;industrial;SO2;1;0.3;µg/m3;horaire;2023-04-21 15:00:00;2023-04-21 16:00:00;True;-2.0813729293078014;47.324243646620644;316466.7822100732;6703891.209852793
Loire-Atlantique;Donges;44052;LA MEGRETAIS;FR23003;industrial;NO2;8;4.5;µg/m3;horaire;2023-04-21 15:00:00;2023-04-21 16:00:00;True;-2.039245335998521;47.322705228858595;319631.26531024784;6703516.8929397985
Loire-Atlantique;Donges;44052;LA MEGRETAIS;FR23003;industrial;NO;38;0.18;µg/m3;horaire;2023-04-21 15:00:00;2023-04-21 16:00:00;True;-2.039245335998521;47.322705228858595;319631.26531024784;6703516.8929397985
Loire-Atlantique;Donges;44052;LA MEGRETAIS;FR23003;industrial;NOx;9;4.7;µg/m3 eq NO2;horaire;2023-04-21 15:00:00;2023-04-21 16:00:00;True;-2.039245335998521;47.322705228858595;319631.26531024784;6703516.8929397985
Loire-Atlantique;Donges;44052;LA MEGRETAIS;FR23003;industrial;PM10;5;22.0;µg/m3;horaire;2023-04-21 15:00:00;2023-04-21 16:00:00;True;-2.039245335998521;47.322705228858595;319631.26531024784;6703516.8929397985
Loire-Atlantique;Donges;44052;LA MEGRETAIS;FR23003;industrial;PM2.5;6001;16.0;µg/m3;horaire;2023-04-21 15:00:00;2023-04-21 16:00:00;True;-2.039245335998521;47.322705228858595;319631.26531024784;6703516.8929397985
Loire-Atlantique;Donges;44052;LA MEGRETAIS;FR23003;industrial;SO2;1;0.025;µg/m3;horaire;2023-04-21 15:00:00;2023-04-21 16:00:00;True;-2.039245335998521;47.322705228858595;319631.26531024784;6703516.8929397985
Loire-Atlantique;Donges;44052;PASTEUR;FR23004;industrial;H2S;11;0.35;µg/m3;horaire;2023-04-21 15:00:00;2023-04-21 16:00:00;True;-2.073374401966883;47.31740262661712;317020.8741071;6703094.040787983
Loire-Atlantique;Donges;44052;PASTEUR;FR23004;industrial;SO2;1;0.53;µg/m3;horaire;2023-04-21 15:00:00;2023-04-21 16:00:00;True;-2.073374401966883;47.31740262661712;317020.8741071;6703094.040787983
Loire-Atlantique;Frossay;44061;FROSSAY;FR23068;industrial;NO2;8;5.4;µg/m3;horaire;2023-04-21 15:00:00;2023-04-21 16:00:00;True;-1.9365235553956817;47.24735229625331;326851.68236097385;6694673.195316758
Loire-Atlantique;Frossay;44061;FROSSAY;FR23068;industrial;NO;38;0.55;µg/m3;horaire;2023-04-21 15:00:00;2023-04-21 16:00:00;True;-1.9365235553956817;47.24735229625331;326851.68236097385;6694673.195316758
Loire-Atlantique;Frossay;44061;FROSSAY;FR23068;industrial;NOx;9;6.3;µg/m3 eq NO2;horaire;2023-04-21 15:00:00;2023-04-21 16:00:00;True;-1.9365235553956817;47.24735229625331;326851.68236097385;6694673.195316758
Loire-Atlantique;Frossay;44061;FROSSAY;FR23068;industrial;PM10;5;26.0;µg/m3;horaire;2023-04-21 15:00:00;2023-04-21 16:00:00;True;-1.9365235553956817;47.24735229625331;326851.68236097385;6694673.195316758
Loire-Atlantique;Frossay;44061;FROSSAY;FR23068;industrial;SO2;1;0.0;µg/m3;horaire;2023-04-21 15:00:00;2023-04-21 16:00:00;True;-1.9365235553956817;47.24735229625331;326851.68236097385;6694673.195316758
Loire-Atlantique;Savenay;44195;SAVENAY;FR23069;industrial;SO2;1;0.0;µg/m3;horaire;2023-04-21 15:00:00;2023-04-21 16:00:00;True;-1.9535935295608815;47.36020691809557;326348.9822352358;6707265.42533564
Loire-Atlantique;Saint-Etienne-De-Montluc;44158;SAINT ETIENNE DE MONTLUC;FR23070;industrial;NO2;8;3.7;µg/m3;horaire;2023-04-21 15:00:00;2023-04-21 16:00:00;True;-1.7830812813449453;47.28312712300018;338676.42390903604;6697925.914501535
Loire-Atlantique;Saint-Etienne-De-Montluc;44158;SAINT ETIENNE DE MONTLUC;FR23070;industrial;NO;38;0.0;µg/m3;horaire;2023-04-21 15:00:00;2023-04-21 16:00:00;True;-1.7830812813449453;47.28312712300018;338676.42390903604;6697925.914501535
Loire-Atlantique;Saint-Etienne-De-Montluc;44158;SAINT ETIENNE DE MONTLUC;FR23070;industrial;NOx;9;3.7;µg/m3 eq NO2;horaire;2023-04-21 15:00:00;2023-04-21 16:00:00;True;-1.7830812813449453;47.28312712300018;338676.42390903604;6697925.914501535
Loire-Atlantique;Saint-Etienne-De-Montluc;44158;SAINT ETIENNE DE MONTLUC;FR23070;industrial;PM10;5;18.0;µg/m3;horaire;2023-04-21 15:00:00;2023-04-21 16:00:00;True;-1.7830812813449453;47.28312712300018;338676.42390903604;6697925.914501535
Loire-Atlantique;Saint-Etienne-De-Montluc;44158;SAINT ETIENNE DE MONTLUC;FR23070;industrial;PM2.5;6001;14.0;µg/m3;horaire;2023-04-21 15:00:00;2023-04-21 16:00:00;True;-1.7830812813449453;47.28312712300018;338676.42390903604;6697925.914501535
Loire-Atlantique;Saint-Etienne-De-Montluc;44158;SAINT ETIENNE DE MONTLUC;FR23070;industrial;SO2;1;0.83;µg/m3;horaire;2023-04-21 15:00:00;2023-04-21 16:00:00;True;-1.7830812813449453;47.28312712300018;338676.42390903604;6697925.914501535
Loire-Atlantique;Trignac;44210;JULES VERNE;FR23075;industrial;NO2;8;7.9;µg/m3;horaire;2023-04-21 15:00:00;2023-04-21 16:00:00;True;-2.1904076735030835;47.315645037165524;308186.02080619615;6703473.391126138
Loire-Atlantique;Trignac;44210;JULES VERNE;FR23075;industrial;NO;38;1.7;µg/m3;horaire;2023-04-21 15:00:00;2023-04-21 16:00:00;True;-2.1904076735030835;47.315645037165524;308186.02080619615;6703473.391126138
Loire-Atlantique;Trignac;44210;JULES VERNE;FR23075;industrial;NOx;9;10.0;µg/m3 eq NO2;horaire;2023-04-21 15:00:00;2023-04-21 16:00:00;True;-2.1904076735030835;47.315645037165524;308186.02080619615;6703473.391126138
Maine-et-Loire;Cholet;49099;SAINT EXUPERY;FR23078;background;NO2;8;6.6;µg/m3;horaire;2023-04-21 15:00:00;2023-04-21 16:00:00;True;-0.8835758137839181;47.055828646104125;405324.4925768649;6668979.670961294
Maine-et-Loire;Cholet;49099;SAINT EXUPERY;FR23078;background;NO;38;1.0;µg/m3;horaire;2023-04-21 15:00:00;2023-04-21 16:00:00;True;-0.8835758137839181;47.055828646104125;405324.4925768649;6668979.670961294
Maine-et-Loire;Cholet;49099;SAINT EXUPERY;FR23078;background;NOx;9;8.1;µg/m3 eq NO2;horaire;2023-04-21 15:00:00;2023-04-21 16:00:00;True;-0.8835758137839181;47.055828646104125;405324.4925768649;6668979.670961294
Maine-et-Loire;Cholet;49099;SAINT EXUPERY;FR23078;background;O3;7;105.0;µg/m3;horaire;2023-04-21 15:00:00;2023-04-21 16:00:00;True;-0.8835758137839181;47.055828646104125;405324.4925768649;6668979.670961294
Maine-et-Loire;Cholet;49099;SAINT EXUPERY;FR23078;background;PM10;5;11.0;µg/m3;horaire;2023-04-21 15:00:00;2023-04-21 16:00:00;True;-0.8835758137839181;47.055828646104125;405324.4925768649;6668979.670961294
Loire-Atlantique;Nantes;44109;LA CHAUVINIERE;FR23107;background;NO2;8;5.6;µg/m3;horaire;2023-04-21 15:00:00;2023-04-21 16:00:00;True;-1.5732745401793513;47.25291196744293;354313.2357701814;6693636.219563372
Loire-Atlantique;Nantes;44109;LA CHAUVINIERE;FR23107;background;NO;38;1.1;µg/m3;horaire;2023-04-21 15:00:00;2023-04-21 16:00:00;True;-1.5732745401793513;47.25291196744293;354313.2357701814;6693636.219563372
Loire-Atlantique;Nantes;44109;LA CHAUVINIERE;FR23107;background;NOx;9;7.4;µg/m3 eq NO2;horaire;2023-04-21 15:00:00;2023-04-21 16:00:00;True;-1.5732745401793513;47.25291196744293;354313.2357701814;6693636.219563372
Loire-Atlantique;Nantes;44109;LA CHAUVINIERE;FR23107;background;PM10;5;18.0;µg/m3;horaire;2023-04-21 15:00:00;2023-04-21 16:00:00;True;-1.5732745401793513;47.25291196744293;354313.2357701814;6693636.219563372
Loire-Atlantique;Nantes;44109;LA CHAUVINIERE;FR23107;background;PM2.5;6001;13.0;µg/m3;horaire;2023-04-21 15:00:00;2023-04-21 16:00:00;True;-1.5732745401793513;47.25291196744293;354313.2357701814;6693636.219563372
Loire-Atlantique;Saint-Nazaire;44184;LEON BLUM;FR23110;background;NO2;8;5.7;µg/m3;horaire;2023-04-21 15:00:00;2023-04-21 16:00:00;True;-2.2501538782724806;47.26411028437446;303302.1643903805;6698059.671526036
Loire-Atlantique;Saint-Nazaire;44184;LEON BLUM;FR23110;background;NO;38;0.55;µg/m3;horaire;2023-04-21 15:00:00;2023-04-21 16:00:00;True;-2.2501538782724806;47.26411028437446;303302.1643903805;6698059.671526036
Loire-Atlantique;Saint-Nazaire;44184;LEON BLUM;FR23110;background;NOx;9;6.6;µg/m3 eq NO2;horaire;2023-04-21 15:00:00;2023-04-21 16:00:00;True;-2.2501538782724806;47.26411028437446;303302.1643903805;6698059.671526036
Loire-Atlantique;Saint-Nazaire;44184;LEON BLUM;FR23110;background;O3;7;101.0;µg/m3;horaire;2023-04-21 15:00:00;2023-04-21 16:00:00;True;-2.2501538782724806;47.26411028437446;303302.1643903805;6698059.671526036
Loire-Atlantique;Saint-Nazaire;44184;LEON BLUM;FR23110;background;PM10;5;24.0;µg/m3;horaire;2023-04-21 15:00:00;2023-04-21 16:00:00;True;-2.2501538782724806;47.26411028437446;303302.1643903805;6698059.671526036
Loire-Atlantique;Saint-Nazaire;44184;LEON BLUM;FR23110;background;PM2.5;6001;8.5;µg/m3;horaire;2023-04-21 15:00:00;2023-04-21 16:00:00;True;-2.2501538782724806;47.26411028437446;303302.1643903805;6698059.671526036
Maine-et-Loire;Angers;49007;BEAUX ARTS;FR23120;background;NO2;8;6.1;µg/m3;horaire;2023-04-21 15:00:00;2023-04-21 16:00:00;True;-0.5559330038543386;47.46849236147444;432231.14920499554;6713600.72883131
Maine-et-Loire;Angers;49007;BEAUX ARTS;FR23120;background;NO;38;0.9;µg/m3;horaire;2023-04-21 15:00:00;2023-04-21 16:00:00;True;-0.5559330038543386;47.46849236147444;432231.14920499554;6713600.72883131
Maine-et-Loire;Angers;49007;BEAUX ARTS;FR23120;background;NOx;9;7.6;µg/m3 eq NO2;horaire;2023-04-21 15:00:00;2023-04-21 16:00:00;True;-0.5559330038543386;47.46849236147444;432231.14920499554;6713600.72883131
Maine-et-Loire;Angers;49007;BEAUX ARTS;FR23120;background;PM10;5;14.0;µg/m3;horaire;2023-04-21 15:00:00;2023-04-21 16:00:00;True;-0.5559330038543386;47.46849236147444;432231.14920499554;6713600.72883131
Maine-et-Loire;Angers;49007;BEAUX ARTS;FR23120;background;PM2.5;6001;11.0;µg/m3;horaire;2023-04-21 15:00:00;2023-04-21 16:00:00;True;-0.5559330038543386;47.46849236147444;432231.14920499554;6713600.72883131
Mayenne;Laval;53130;MAZAGRAN;FR23123;background;NO2;8;4.9;µg/m3;horaire;2023-04-21 15:00:00;2023-04-21 16:00:00;True;-0.7681529262800582;48.06936514490995;419447.0551375298;6781027.2411395665
Mayenne;Laval;53130;MAZAGRAN;FR23123;background;NO;38;0.4;µg/m3;horaire;2023-04-21 15:00:00;2023-04-21 16:00:00;True;-0.7681529262800582;48.06936514490995;419447.0551375298;6781027.2411395665
Mayenne;Laval;53130;MAZAGRAN;FR23123;background;NOx;9;5.5;µg/m3 eq NO2;horaire;2023-04-21 15:00:00;2023-04-21 16:00:00;True;-0.7681529262800582;48.06936514490995;419447.0551375298;6781027.2411395665
Mayenne;Laval;53130;MAZAGRAN;FR23123;background;O3;7;100.0;µg/m3;horaire;2023-04-21 15:00:00;2023-04-21 16:00:00;True;-0.7681529262800582;48.06936514490995;419447.0551375298;6781027.2411395665
Mayenne;Laval;53130;MAZAGRAN;FR23123;background;PM10;5;9.2;µg/m3;horaire;2023-04-21 15:00:00;2023-04-21 16:00:00;True;-0.7681529262800582;48.06936514490995;419447.0551375298;6781027.2411395665
Vendée;La Tardière;85289;LA TARDIERE;FR23124;background;NH3;35;4.7;µg/m3;horaire;2023-04-21 15:00:00;2023-04-21 16:00:00;True;-0.7433812921256286;46.65662489362803;413852.8420801177;6624178.2980740825
Vendée;La Tardière;85289;LA TARDIERE;FR23124;background;NO2;8;3.0;µg/m3;horaire;2023-04-21 15:00:00;2023-04-21 16:00:00;True;-0.7433812921256286;46.65662489362803;413852.8420801177;6624178.2980740825
Vendée;La Tardière;85289;LA TARDIERE;FR23124;background;NO;38;0.57;µg/m3;horaire;2023-04-21 15:00:00;2023-04-21 16:00:00;True;-0.7433812921256286;46.65662489362803;413852.8420801177;6624178.2980740825
Vendée;La Tardière;85289;LA TARDIERE;FR23124;background;NOx;9;3.8;µg/m3 eq NO2;horaire;2023-04-21 15:00:00;2023-04-21 16:00:00;True;-0.7433812921256286;46.65662489362803;413852.8420801177;6624178.2980740825
Vendée;La Tardière;85289;LA TARDIERE;FR23124;background;O3;7;95.0;µg/m3;horaire;2023-04-21 15:00:00;2023-04-21 16:00:00;True;-0.7433812921256286;46.65662489362803;413852.8420801177;6624178.2980740825
Vendée;La Tardière;85289;LA TARDIERE;FR23124;background;PM10;5;;µg/m3;horaire;2023-04-21 15:00:00;2023-04-21 16:00:00;False;-0.7433812921256286;46.65662489362803;413852.8420801177;6624178.2980740825
Vendée;La Tardière;85289;LA TARDIERE;FR23124;background;PM10;5;16.0;µg/m3;horaire;2023-04-21 15:00:00;2023-04-21 16:00:00;True;-0.7433812921256286;46.65662489362803;413852.8420801177;6624178.2980740825
Vendée;La Tardière;85289;LA TARDIERE;FR23124;background;PM2.5;6001;;µg/m3;horaire;2023-04-21 15:00:00;2023-04-21 16:00:00;False;-0.7433812921256286;46.65662489362803;413852.8420801177;6624178.2980740825
Loire-Atlantique;Paimbœuf;44116;CUTULLIC2;FR23149;industrial;SO2;1;1.8;µg/m3;horaire;2023-04-21 15:00:00;2023-04-21 16:00:00;True;-2.0324417113714177;47.28616795300179;319885.62629199366;6699433.757790069
Maine-et-Loire;Angers;49007;APPENTIS;FR23150;background;NO2;8;6.5;µg/m3;horaire;2023-04-21 15:00:00;2023-04-21 16:00:00;True;-0.5501000222079123;47.447336007801624;432564.4583844049;6711233.097282906
Maine-et-Loire;Angers;49007;APPENTIS;FR23150;background;NO;38;1.2;µg/m3;horaire;2023-04-21 15:00:00;2023-04-21 16:00:00;True;-0.5501000222079123;47.447336007801624;432564.4583844049;6711233.097282906
Maine-et-Loire;Angers;49007;APPENTIS;FR23150;background;NOx;9;8.3;µg/m3 eq NO2;horaire;2023-04-21 15:00:00;2023-04-21 16:00:00;True;-0.5501000222079123;47.447336007801624;432564.4583844049;6711233.097282906
Maine-et-Loire;Angers;49007;APPENTIS;FR23150;background;O3;7;100.0;µg/m3;horaire;2023-04-21 15:00:00;2023-04-21 16:00:00;True;-0.5501000222079123;47.447336007801624;432564.4583844049;6711233.097282906
Vendée;La Roche-Sur-Yon;85191;DELACROIX;FR23152;background;NO2;8;5.0;µg/m3;horaire;2023-04-21 15:00:00;2023-04-21 16:00:00;True;-1.4368610961896655;46.66064836113053;360919.2021133019;6627370.063373093
Vendée;La Roche-Sur-Yon;85191;DELACROIX;FR23152;background;NO;38;0.78;µg/m3;horaire;2023-04-21 15:00:00;2023-04-21 16:00:00;True;-1.4368610961896655;46.66064836113053;360919.2021133019;6627370.063373093
Vendée;La Roche-Sur-Yon;85191;DELACROIX;FR23152;background;NOx;9;6.1;µg/m3 eq NO2;horaire;2023-04-21 15:00:00;2023-04-21 16:00:00;True;-1.4368610961896655;46.66064836113053;360919.2021133019;6627370.063373093
Vendée;La Roche-Sur-Yon;85191;DELACROIX;FR23152;background;O3;7;99.0;µg/m3;horaire;2023-04-21 15:00:00;2023-04-21 16:00:00;True;-1.4368610961896655;46.66064836113053;360919.2021133019;6627370.063373093
Vendée;La Roche-Sur-Yon;85191;DELACROIX;FR23152;background;PM10;5;14.0;µg/m3;horaire;2023-04-21 15:00:00;2023-04-21 16:00:00;True;-1.4368610961896655;46.66064836113053;360919.2021133019;6627370.063373093
Vendée;La Roche-Sur-Yon;85191;DELACROIX;FR23152;background;PM2.5;6001;8.4;µg/m3;horaire;2023-04-21 15:00:00;2023-04-21 16:00:00;True;-1.4368610961896655;46.66064836113053;360919.2021133019;6627370.063373093
Loire-Atlantique;Bouaye;44018;EPINETTES;FR23157;background;O3;7;103.0;µg/m3;horaire;2023-04-21 15:00:00;2023-04-21 16:00:00;True;-1.6902690000000005;47.14608799999988;344775.68549371266;6682310.180873801
Sarthe;Spay;72344;FILLE;FR23163;background;O3;7;98.0;µg/m3;horaire;2023-04-21 15:00:00;2023-04-21 16:00:00;True;0.1518948064395943;47.92192248604607;487322.6743667995;6761783.716825325
Sarthe;Le Mans;72181;GUEDOU;FR23174;background;NO2;8;7.5;µg/m3;horaire;2023-04-21 15:00:00;2023-04-21 16:00:00;True;0.19605011554765286;47.98894827304624;490882.9153232856;6769108.857118812
Sarthe;Le Mans;72181;GUEDOU;FR23174;background;NO;38;0.98;µg/m3;horaire;2023-04-21 15:00:00;2023-04-21 16:00:00;True;0.19605011554765286;47.98894827304624;490882.9153232856;6769108.857118812
Sarthe;Le Mans;72181;GUEDOU;FR23174;background;NOx;9;9.0;µg/m3 eq NO2;horaire;2023-04-21 15:00:00;2023-04-21 16:00:00;True;0.19605011554765286;47.98894827304624;490882.9153232856;6769108.857118812
Maine-et-Loire;Bouchemaine;49035;CLOS DES BEAUVAIS;FR23175;background;O3;7;99.0;µg/m3;horaire;2023-04-21 15:00:00;2023-04-21 16:00:00;True;-0.6100060021346906;47.43011900354789;427967.33949541056;6709527.093695923
Mayenne;Saint-Denis-D'Anjou;53210;SAINT DENIS D'ANJOU;FR23177;background;NO;38;0.38;µg/m3;horaire;2023-04-21 15:00:00;2023-04-21 16:00:00;True;-0.4447696525665919;47.7883321330413;442146.2573931599;6748729.6000822345
Mayenne;Saint-Denis-D'Anjou;53210;SAINT DENIS D'ANJOU;FR23177;background;NO2;8;5.2;µg/m3;horaire;2023-04-21 15:00:00;2023-04-21 16:00:00;True;-0.4447696525665919;47.7883321330413;442146.2573931599;6748729.6000822345
Mayenne;Saint-Denis-D'Anjou;53210;SAINT DENIS D'ANJOU;FR23177;background;NOx;9;5.8;µg/m3 eq NO2;horaire;2023-04-21 15:00:00;2023-04-21 16:00:00;True;-0.4447696525665919;47.7883321330413;442146.2573931599;6748729.6000822345
Mayenne;Saint-Denis-D'Anjou;53210;SAINT DENIS D'ANJOU;FR23177;background;O3;7;104.0;µg/m3;horaire;2023-04-21 15:00:00;2023-04-21 16:00:00;True;-0.4447696525665919;47.7883321330413;442146.2573931599;6748729.6000822345
Mayenne;Saint-Denis-D'Anjou;53210;SAINT DENIS D'ANJOU;FR23177;background;PM10;5;13.0;µg/m3;horaire;2023-04-21 15:00:00;2023-04-21 16:00:00;True;-0.4447696525665919;47.7883321330413;442146.2573931599;6748729.6000822345
Loire-Atlantique;Donges;44052;PARSCAU DU PLESSIS;FR23178;industrial;NO;38;0.25;µg/m3;horaire;2023-04-21 15:00:00;2023-04-21 16:00:00;True;-2.06687664431583;47.318896029650766;317521.3409009125;6703228.095208768
Loire-Atlantique;Donges;44052;PARSCAU DU PLESSIS;FR23178;industrial;NO2;8;5.1;µg/m3;horaire;2023-04-21 15:00:00;2023-04-21 16:00:00;True;-2.06687664431583;47.318896029650766;317521.3409009125;6703228.095208768
Loire-Atlantique;Donges;44052;PARSCAU DU PLESSIS;FR23178;industrial;NOx;9;5.5;µg/m3 eq NO2;horaire;2023-04-21 15:00:00;2023-04-21 16:00:00;True;-2.06687664431583;47.318896029650766;317521.3409009125;6703228.095208768
Loire-Atlantique;Donges;44052;PARSCAU DU PLESSIS;FR23178;industrial;PM10;5;20.0;µg/m3;horaire;2023-04-21 15:00:00;2023-04-21 16:00:00;True;-2.06687664431583;47.318896029650766;317521.3409009125;6703228.095208768
Loire-Atlantique;Donges;44052;PARSCAU DU PLESSIS;FR23178;industrial;PM2.5;6001;15.0;µg/m3;horaire;2023-04-21 15:00:00;2023-04-21 16:00:00;True;-2.06687664431583;47.318896029650766;317521.3409009125;6703228.095208768
Loire-Atlantique;Donges;44052;PARSCAU DU PLESSIS;FR23178;industrial;SO2;1;0.0;µg/m3;horaire;2023-04-21 15:00:00;2023-04-21 16:00:00;True;-2.06687664431583;47.318896029650766;317521.3409009125;6703228.095208768
Loire-Atlantique;Saint-Nazaire;44184;PARC PAYSAGER;FR23181;background;NO;38;0.8;µg/m3;horaire;2023-04-21 15:00:00;2023-04-21 16:00:00;True;-2.2231753057476937;47.273129394194775;305403.8853541548;6698924.134703943
Loire-Atlantique;Saint-Nazaire;44184;PARC PAYSAGER;FR23181;background;NO2;8;7.4;µg/m3;horaire;2023-04-21 15:00:00;2023-04-21 16:00:00;True;-2.2231753057476937;47.273129394194775;305403.8853541548;6698924.134703943
Loire-Atlantique;Saint-Nazaire;44184;PARC PAYSAGER;FR23181;background;NOx;9;8.7;µg/m3 eq NO2;horaire;2023-04-21 15:00:00;2023-04-21 16:00:00;True;-2.2231753057476937;47.273129394194775;305403.8853541548;6698924.134703943
Loire-Atlantique;Saint-Nazaire;44184;PARC PAYSAGER;FR23181;background;SO2;1;1.8;µg/m3;horaire;2023-04-21 15:00:00;2023-04-21 16:00:00;True;-2.2231753057476937;47.273129394194775;305403.8853541548;6698924.134703943
Sarthe;Le Mans;72181;SOURCES;FR23182;background;NO2;8;3.6;µg/m3;horaire;2023-04-21 15:00:00;2023-04-21 16:00:00;True;0.2213390216306751;47.971141853614576;492698.55226572393;6767064.748575544
Sarthe;Le Mans;72181;SOURCES;FR23182;background;NO;38;1.2;µg/m3;horaire;2023-04-21 15:00:00;2023-04-21 16:00:00;True;0.2213390216306751;47.971141853614576;492698.55226572393;6767064.748575544
Sarthe;Le Mans;72181;SOURCES;FR23182;background;NOx;9;5.4;µg/m3 eq NO2;horaire;2023-04-21 15:00:00;2023-04-21 16:00:00;True;0.2213390216306751;47.971141853614576;492698.55226572393;6767064.748575544
Sarthe;Le Mans;72181;SOURCES;FR23182;background;O3;7;107.0;µg/m3;horaire;2023-04-21 15:00:00;2023-04-21 16:00:00;True;0.2213390216306751;47.971141853614576;492698.55226572393;6767064.748575544
Sarthe;Le Mans;72181;SOURCES;FR23182;background;PM10;5;12.0;µg/m3;horaire;2023-04-21 15:00:00;2023-04-21 16:00:00;True;0.2213390216306751;47.971141853614576;492698.55226572393;6767064.748575544
Sarthe;Le Mans;72181;SOURCES;FR23182;background;PM2.5;6001;11.0;µg/m3;horaire;2023-04-21 15:00:00;2023-04-21 16:00:00;True;0.2213390216306751;47.971141853614576;492698.55226572393;6767064.748575544
Loire-Atlantique;Nantes;44109;CIM BOUTEILLERIE;FR23188;background;BCwb;;20.0;%;horaire;2023-04-21 15:00:00;2023-04-21 16:00:00;True;-1.5374268258113177;47.22217589146574;356823.8361417605;6690071.409167136
Loire-Atlantique;Nantes;44109;CIM BOUTEILLERIE;FR23188;background;Hg;;0.3;ng/m3;horaire;2023-04-21 15:00:00;2023-04-21 16:00:00;True;-1.5374268258113177;47.22217589146574;356823.8361417605;6690071.409167136
Loire-Atlantique;Nantes;44109;CIM BOUTEILLERIE;FR23188;background;NO2;8;7.5;µg/m3;horaire;2023-04-21 15:00:00;2023-04-21 16:00:00;True;-1.5374268258113177;47.22217589146574;356823.8361417605;6690071.409167136
Loire-Atlantique;Nantes;44109;CIM BOUTEILLERIE;FR23188;background;NO;38;0.98;µg/m3;horaire;2023-04-21 15:00:00;2023-04-21 16:00:00;True;-1.5374268258113177;47.22217589146574;356823.8361417605;6690071.409167136
Loire-Atlantique;Nantes;44109;CIM BOUTEILLERIE;FR23188;background;NOx;9;9.0;µg/m3 eq NO2;horaire;2023-04-21 15:00:00;2023-04-21 16:00:00;True;-1.5374268258113177;47.22217589146574;356823.8361417605;6690071.409167136
Loire-Atlantique;Nantes;44109;CIM BOUTEILLERIE;FR23188;background;O3;7;97.0;µg/m3;horaire;2023-04-21 15:00:00;2023-04-21 16:00:00;True;-1.5374268258113177;47.22217589146574;356823.8361417605;6690071.409167136
Loire-Atlantique;Nantes;44109;CIM BOUTEILLERIE;FR23188;background;PM10;5;17.0;µg/m3;horaire;2023-04-21 15:00:00;2023-04-21 16:00:00;True;-1.5374268258113177;47.22217589146574;356823.8361417605;6690071.409167136
Loire-Atlantique;Nantes;44109;CIM BOUTEILLERIE;FR23188;background;PM2.5;6001;12.0;µg/m3;horaire;2023-04-21 15:00:00;2023-04-21 16:00:00;True;-1.5374268258113177;47.22217589146574;356823.8361417605;6690071.409167136
Loire-Atlantique;Nantes;44109;CIM BOUTEILLERIE;FR23188;background;PUF;;3878.0;P/cm3;horaire;2023-04-21 15:00:00;2023-04-21 16:00:00;True;-1.5374268258113177;47.22217589146574;356823.8361417605;6690071.409167136
Loire-Atlantique;Pornichet;44132;GASPARD;FR23230;background;O3;7;103.0;µg/m3;horaire;2023-04-21 15:00:00;2023-04-21 16:00:00;True;-2.3320669999999977;47.253055999964715;297039.3525861991;6697249.291127122
Loire-Atlantique;Rezé;44143;TRENTEMOULT;FR23238;specific;PM10;5;16.0;µg/m3;horaire;2023-04-21 15:00:00;2023-04-21 16:00:00;True;-1.5816779999999988;47.194146999964396;353300.20766508416;6687156.526597275
Loire-Atlantique;Rezé;44143;TRENTEMOULT;FR23238;specific;PM2.5;6001;13.0;µg/m3;horaire;2023-04-21 15:00:00;2023-04-21 16:00:00;True;-1.5816779999999988;47.194146999964396;353300.20766508416;6687156.526597275
Loire-Atlantique;Bouguenais;44020;LES COUETS;FR23239;industrial;NO2;8;8.4;µg/m3;horaire;2023-04-21 15:00:00;2023-04-21 16:00:00;True;-1.591496999999999;47.18591899996436;352504.9179813179;6686287.290819376
Loire-Atlantique;Bouguenais;44020;LES COUETS;FR23239;industrial;NO;38;1.9;µg/m3;horaire;2023-04-21 15:00:00;2023-04-21 16:00:00;True;-1.591496999999999;47.18591899996436;352504.9179813179;6686287.290819376
Loire-Atlantique;Bouguenais;44020;LES COUETS;FR23239;industrial;NOx;9;11.0;µg/m3 eq NO2;horaire;2023-04-21 15:00:00;2023-04-21 16:00:00;True;-1.591496999999999;47.18591899996436;352504.9179813179;6686287.290819376
Loire-Atlantique;Bouguenais;44020;LES COUETS;FR23239;industrial;PM10;5;19.0;µg/m3;horaire;2023-04-21 15:00:00;2023-04-21 16:00:00;True;-1.591496999999999;47.18591899996436;352504.9179813179;6686287.290819376
Loire-Atlantique;Bouguenais;44020;LES COUETS;FR23239;industrial;PM2.5;6001;11.0;µg/m3;horaire;2023-04-21 15:00:00;2023-04-21 16:00:00;True;-1.591496999999999;47.18591899996436;352504.9179813179;6686287.290819376
Maine-et-Loire;Angers;49007;ROI RENE;FR23242;traffic;NO;38;9.0;µg/m3;horaire;2023-04-21 15:00:00;2023-04-21 16:00:00;True;-0.5546410000000003;47.46693799998293;432320.60333853256;6713423.849690912
Maine-et-Loire;Angers;49007;ROI RENE;FR23242;traffic;NO2;8;23.0;µg/m3;horaire;2023-04-21 15:00:00;2023-04-21 16:00:00;True;-0.5546410000000003;47.46693799998293;432320.60333853256;6713423.849690912
Maine-et-Loire;Angers;49007;ROI RENE;FR23242;traffic;NOx;9;37.0;µg/m3 eq NO2;horaire;2023-04-21 15:00:00;2023-04-21 16:00:00;True;-0.5546410000000003;47.46693799998293;432320.60333853256;6713423.849690912
Maine-et-Loire;Angers;49007;ROI RENE;FR23242;traffic;PM10;5;16.0;µg/m3;horaire;2023-04-21 15:00:00;2023-04-21 16:00:00;True;-0.5546410000000003;47.46693799998293;432320.60333853256;6713423.849690912
Loire-Atlantique;Montoir-De-Bretagne;44103;CAMEE;FR23249;industrial;NO2;8;4.3;µg/m3;horaire;2023-04-21 15:00:00;2023-04-21 16:00:00;True;-2.1273331951941428;47.32113812654744;312980.25164916983;6703771.212179752
Loire-Atlantique;Montoir-De-Bretagne;44103;CAMEE;FR23249;industrial;NO;38;0.28;µg/m3;horaire;2023-04-21 15:00:00;2023-04-21 16:00:00;True;-2.1273331951941428;47.32113812654744;312980.25164916983;6703771.212179752
Loire-Atlantique;Montoir-De-Bretagne;44103;CAMEE;FR23249;industrial;NOx;9;4.7;µg/m3 eq NO2;horaire;2023-04-21 15:00:00;2023-04-21 16:00:00;True;-2.1273331951941428;47.32113812654744;312980.25164916983;6703771.212179752
Loire-Atlantique;Montoir-De-Bretagne;44103;CAMEE;FR23249;industrial;PM10;5;19.0;µg/m3;horaire;2023-04-21 15:00:00;2023-04-21 16:00:00;True;-2.1273331951941428;47.32113812654744;312980.25164916983;6703771.212179752
Loire-Atlantique;Montoir-De-Bretagne;44103;CAMEE;FR23249;industrial;PM2.5;6001;15.0;µg/m3;horaire;2023-04-21 15:00:00;2023-04-21 16:00:00;True;-2.1273331951941428;47.32113812654744;312980.25164916983;6703771.212179752
Loire-Atlantique;Montoir-De-Bretagne;44103;CAMEE;FR23249;industrial;SO2;1;1.1;µg/m3;horaire;2023-04-21 15:00:00;2023-04-21 16:00:00;True;-2.1273331951941428;47.32113812654744;312980.25164916983;6703771.212179752
Loire-Atlantique;Nantes;44109;FRERES GONCOURT;FR23251;traffic;C6H5-C2H5;431;0.33;µg/m3;horaire;2023-04-21 15:00:00;2023-04-21 16:00:00;True;-1.564803;47.23354499998231;354828.5774908221;6691451.497810739
Loire-Atlantique;Nantes;44109;FRERES GONCOURT;FR23251;traffic;C6H5-CH3;21;2.1;µg/m3;horaire;2023-04-21 15:00:00;2023-04-21 16:00:00;True;-1.564803;47.23354499998231;354828.5774908221;6691451.497810739
Loire-Atlantique;Nantes;44109;FRERES GONCOURT;FR23251;traffic;C6H6;20;0.94;µg/m3;horaire;2023-04-21 15:00:00;2023-04-21 16:00:00;True;-1.564803;47.23354499998231;354828.5774908221;6691451.497810739
Loire-Atlantique;Nantes;44109;FRERES GONCOURT;FR23251;traffic;CO;10;0.34;mg/m3;horaire;2023-04-21 15:00:00;2023-04-21 16:00:00;True;-1.564803;47.23354499998231;354828.5774908221;6691451.497810739
Loire-Atlantique;Nantes;44109;FRERES GONCOURT;FR23251;traffic;m,p-C6H4(CH3)2;464;1.2;µg/m3;horaire;2023-04-21 15:00:00;2023-04-21 16:00:00;True;-1.564803;47.23354499998231;354828.5774908221;6691451.497810739
Loire-Atlantique;Nantes;44109;FRERES GONCOURT;FR23251;traffic;NO;38;21.0;µg/m3;horaire;2023-04-21 15:00:00;2023-04-21 16:00:00;True;-1.564803;47.23354499998231;354828.5774908221;6691451.497810739
Loire-Atlantique;Nantes;44109;FRERES GONCOURT;FR23251;traffic;NO2;8;32.0;µg/m3;horaire;2023-04-21 15:00:00;2023-04-21 16:00:00;True;-1.564803;47.23354499998231;354828.5774908221;6691451.497810739
Loire-Atlantique;Nantes;44109;FRERES GONCOURT;FR23251;traffic;NOx;9;63.0;µg/m3 eq NO2;horaire;2023-04-21 15:00:00;2023-04-21 16:00:00;True;-1.564803;47.23354499998231;354828.5774908221;6691451.497810739
Loire-Atlantique;Nantes;44109;FRERES GONCOURT;FR23251;traffic;o-C6H4-(CH3)2;482;0.45;µg/m3;horaire;2023-04-21 15:00:00;2023-04-21 16:00:00;True;-1.564803;47.23354499998231;354828.5774908221;6691451.497810739
Loire-Atlantique;Nantes;44109;FRERES GONCOURT;FR23251;traffic;PM10;5;21.0;µg/m3;horaire;2023-04-21 15:00:00;2023-04-21 16:00:00;True;-1.564803;47.23354499998231;354828.5774908221;6691451.497810739
Loire-Atlantique;Nantes;44109;FRERES GONCOURT;FR23251;traffic;PM2.5;6001;16.0;µg/m3;horaire;2023-04-21 15:00:00;2023-04-21 16:00:00;True;-1.564803;47.23354499998231;354828.5774908221;6691451.497810739
Loire-Atlantique;Donges;44052;AMPERE;FR23001;industrial;SO2;1;0.38;µg/m3;horaire;2023-04-21 14:00:00;2023-04-21 15:00:00;True;-2.0813729293078014;47.324243646620644;316466.7822100732;6703891.209852793
Loire-Atlantique;Donges;44052;LA MEGRETAIS;FR23003;industrial;NO2;8;4.7;µg/m3;horaire;2023-04-21 14:00:00;2023-04-21 15:00:00;True;-2.039245335998521;47.322705228858595;319631.26531024784;6703516.8929397985
Loire-Atlantique;Donges;44052;LA MEGRETAIS;FR23003;industrial;NO;38;0.4;µg/m3;horaire;2023-04-21 14:00:00;2023-04-21 15:00:00;True;-2.039245335998521;47.322705228858595;319631.26531024784;6703516.8929397985
Loire-Atlantique;Donges;44052;LA MEGRETAIS;FR23003;industrial;NOx;9;5.3;µg/m3 eq NO2;horaire;2023-04-21 14:00:00;2023-04-21 15:00:00;True;-2.039245335998521;47.322705228858595;319631.26531024784;6703516.8929397985
Loire-Atlantique;Donges;44052;LA MEGRETAIS;FR23003;industrial;PM10;5;24.0;µg/m3;horaire;2023-04-21 14:00:00;2023-04-21 15:00:00;True;-2.039245335998521;47.322705228858595;319631.26531024784;6703516.8929397985
Loire-Atlantique;Donges;44052;LA MEGRETAIS;FR23003;industrial;PM2.5;6001;16.0;µg/m3;horaire;2023-04-21 14:00:00;2023-04-21 15:00:00;True;-2.039245335998521;47.322705228858595;319631.26531024784;6703516.8929397985
Loire-Atlantique;Donges;44052;LA MEGRETAIS;FR23003;industrial;SO2;1;0.15;µg/m3;horaire;2023-04-21 14:00:00;2023-04-21 15:00:00;True;-2.039245335998521;47.322705228858595;319631.26531024784;6703516.8929397985
Loire-Atlantique;Donges;44052;PASTEUR;FR23004;industrial;H2S;11;0.4;µg/m3;horaire;2023-04-21 14:00:00;2023-04-21 15:00:00;True;-2.073374401966883;47.31740262661712;317020.8741071;6703094.040787983
Loire-Atlantique;Donges;44052;PASTEUR;FR23004;industrial;SO2;1;0.83;µg/m3;horaire;2023-04-21 14:00:00;2023-04-21 15:00:00;True;-2.073374401966883;47.31740262661712;317020.8741071;6703094.040787983
Loire-Atlantique;Frossay;44061;FROSSAY;FR23068;industrial;NO2;8;5.0;µg/m3;horaire;2023-04-21 14:00:00;2023-04-21 15:00:00;True;-1.9365235553956817;47.24735229625331;326851.68236097385;6694673.195316758
Loire-Atlantique;Frossay;44061;FROSSAY;FR23068;industrial;NO;38;0.23;µg/m3;horaire;2023-04-21 14:00:00;2023-04-21 15:00:00;True;-1.9365235553956817;47.24735229625331;326851.68236097385;6694673.195316758
Loire-Atlantique;Frossay;44061;FROSSAY;FR23068;industrial;NOx;9;5.3;µg/m3 eq NO2;horaire;2023-04-21 14:00:00;2023-04-21 15:00:00;True;-1.9365235553956817;47.24735229625331;326851.68236097385;6694673.195316758
Loire-Atlantique;Frossay;44061;FROSSAY;FR23068;industrial;PM10;5;24.0;µg/m3;horaire;2023-04-21 14:00:00;2023-04-21 15:00:00;True;-1.9365235553956817;47.24735229625331;326851.68236097385;6694673.195316758
Loire-Atlantique;Frossay;44061;FROSSAY;FR23068;industrial;SO2;1;0.0;µg/m3;horaire;2023-04-21 14:00:00;2023-04-21 15:00:00;True;-1.9365235553956817;47.24735229625331;326851.68236097385;6694673.195316758
Loire-Atlantique;Savenay;44195;SAVENAY;FR23069;industrial;SO2;1;0.0;µg/m3;horaire;2023-04-21 14:00:00;2023-04-21 15:00:00;True;-1.9535935295608815;47.36020691809557;326348.9822352358;6707265.42533564
Loire-Atlantique;Saint-Etienne-De-Montluc;44158;SAINT ETIENNE DE MONTLUC;FR23070;industrial;NO2;8;3.2;µg/m3;horaire;2023-04-21 14:00:00;2023-04-21 15:00:00;True;-1.7830812813449453;47.28312712300018;338676.42390903604;6697925.914501535
Loire-Atlantique;Saint-Etienne-De-Montluc;44158;SAINT ETIENNE DE MONTLUC;FR23070;industrial;NO;38;0.0;µg/m3;horaire;2023-04-21 14:00:00;2023-04-21 15:00:00;True;-1.7830812813449453;47.28312712300018;338676.42390903604;6697925.914501535
Loire-Atlantique;Saint-Etienne-De-Montluc;44158;SAINT ETIENNE DE MONTLUC;FR23070;industrial;NOx;9;3.2;µg/m3 eq NO2;horaire;2023-04-21 14:00:00;2023-04-21 15:00:00;True;-1.7830812813449453;47.28312712300018;338676.42390903604;6697925.914501535
Loire-Atlantique;Saint-Etienne-De-Montluc;44158;SAINT ETIENNE DE MONTLUC;FR23070;industrial;PM10;5;21.0;µg/m3;horaire;2023-04-21 14:00:00;2023-04-21 15:00:00;True;-1.7830812813449453;47.28312712300018;338676.42390903604;6697925.914501535
Loire-Atlantique;Saint-Etienne-De-Montluc;44158;SAINT ETIENNE DE MONTLUC;FR23070;industrial;PM2.5;6001;16.0;µg/m3;horaire;2023-04-21 14:00:00;2023-04-21 15:00:00;True;-1.7830812813449453;47.28312712300018;338676.42390903604;6697925.914501535
Loire-Atlantique;Saint-Etienne-De-Montluc;44158;SAINT ETIENNE DE MONTLUC;FR23070;industrial;SO2;1;0.95;µg/m3;horaire;2023-04-21 14:00:00;2023-04-21 15:00:00;True;-1.7830812813449453;47.28312712300018;338676.42390903604;6697925.914501535
Loire-Atlantique;Trignac;44210;JULES VERNE;FR23075;industrial;NO2;8;7.1;µg/m3;horaire;2023-04-21 14:00:00;2023-04-21 15:00:00;True;-2.1904076735030835;47.315645037165524;308186.02080619615;6703473.391126138
Loire-Atlantique;Trignac;44210;JULES VERNE;FR23075;industrial;NO;38;1.5;µg/m3;horaire;2023-04-21 14:00:00;2023-04-21 15:00:00;True;-2.1904076735030835;47.315645037165524;308186.02080619615;6703473.391126138
Loire-Atlantique;Trignac;44210;JULES VERNE;FR23075;industrial;NOx;9;9.5;µg/m3 eq NO2;horaire;2023-04-21 14:00:00;2023-04-21 15:00:00;True;-2.1904076735030835;47.315645037165524;308186.02080619615;6703473.391126138
Maine-et-Loire;Cholet;49099;SAINT EXUPERY;FR23078;background;NO2;8;6.1;µg/m3;horaire;2023-04-21 14:00:00;2023-04-21 15:00:00;True;-0.8835758137839181;47.055828646104125;405324.4925768649;6668979.670961294
Maine-et-Loire;Cholet;49099;SAINT EXUPERY;FR23078;background;NO;38;1.0;µg/m3;horaire;2023-04-21 14:00:00;2023-04-21 15:00:00;True;-0.8835758137839181;47.055828646104125;405324.4925768649;6668979.670961294
Maine-et-Loire;Cholet;49099;SAINT EXUPERY;FR23078;background;NOx;9;7.6;µg/m3 eq NO2;horaire;2023-04-21 14:00:00;2023-04-21 15:00:00;True;-0.8835758137839181;47.055828646104125;405324.4925768649;6668979.670961294
Maine-et-Loire;Cholet;49099;SAINT EXUPERY;FR23078;background;O3;7;101.0;µg/m3;horaire;2023-04-21 14:00:00;2023-04-21 15:00:00;True;-0.8835758137839181;47.055828646104125;405324.4925768649;6668979.670961294
Maine-et-Loire;Cholet;49099;SAINT EXUPERY;FR23078;background;PM10;5;14.0;µg/m3;horaire;2023-04-21 14:00:00;2023-04-21 15:00:00;True;-0.8835758137839181;47.055828646104125;405324.4925768649;6668979.670961294
Loire-Atlantique;Nantes;44109;LA CHAUVINIERE;FR23107;background;NO2;8;5.4;µg/m3;horaire;2023-04-21 14:00:00;2023-04-21 15:00:00;True;-1.5732745401793513;47.25291196744293;354313.2357701814;6693636.219563372
Loire-Atlantique;Nantes;44109;LA CHAUVINIERE;FR23107;background;NO;38;0.65;µg/m3;horaire;2023-04-21 14:00:00;2023-04-21 15:00:00;True;-1.5732745401793513;47.25291196744293;354313.2357701814;6693636.219563372
Loire-Atlantique;Nantes;44109;LA CHAUVINIERE;FR23107;background;NOx;9;6.4;µg/m3 eq NO2;horaire;2023-04-21 14:00:00;2023-04-21 15:00:00;True;-1.5732745401793513;47.25291196744293;354313.2357701814;6693636.219563372
Loire-Atlantique;Nantes;44109;LA CHAUVINIERE;FR23107;background;PM10;5;19.0;µg/m3;horaire;2023-04-21 14:00:00;2023-04-21 15:00:00;True;-1.5732745401793513;47.25291196744293;354313.2357701814;6693636.219563372
Loire-Atlantique;Nantes;44109;LA CHAUVINIERE;FR23107;background;PM2.5;6001;16.0;µg/m3;horaire;2023-04-21 14:00:00;2023-04-21 15:00:00;True;-1.5732745401793513;47.25291196744293;354313.2357701814;6693636.219563372
Loire-Atlantique;Saint-Nazaire;44184;LEON BLUM;FR23110;background;NO2;8;4.6;µg/m3;horaire;2023-04-21 14:00:00;2023-04-21 15:00:00;True;-2.2501538782724806;47.26411028437446;303302.1643903805;6698059.671526036
Loire-Atlantique;Saint-Nazaire;44184;LEON BLUM;FR23110;background;NO;38;0.55;µg/m3;horaire;2023-04-21 14:00:00;2023-04-21 15:00:00;True;-2.2501538782724806;47.26411028437446;303302.1643903805;6698059.671526036
Loire-Atlantique;Saint-Nazaire;44184;LEON BLUM;FR23110;background;NOx;9;5.5;µg/m3 eq NO2;horaire;2023-04-21 14:00:00;2023-04-21 15:00:00;True;-2.2501538782724806;47.26411028437446;303302.1643903805;6698059.671526036
Loire-Atlantique;Saint-Nazaire;44184;LEON BLUM;FR23110;background;O3;7;100.0;µg/m3;horaire;2023-04-21 14:00:00;2023-04-21 15:00:00;True;-2.2501538782724806;47.26411028437446;303302.1643903805;6698059.671526036
Loire-Atlantique;Saint-Nazaire;44184;LEON BLUM;FR23110;background;PM10;5;22.0;µg/m3;horaire;2023-04-21 14:00:00;2023-04-21 15:00:00;True;-2.2501538782724806;47.26411028437446;303302.1643903805;6698059.671526036
Loire-Atlantique;Saint-Nazaire;44184;LEON BLUM;FR23110;background;PM2.5;6001;9.2;µg/m3;horaire;2023-04-21 14:00:00;2023-04-21 15:00:00;True;-2.2501538782724806;47.26411028437446;303302.1643903805;6698059.671526036
Maine-et-Loire;Angers;49007;BEAUX ARTS;FR23120;background;NO2;8;5.5;µg/m3;horaire;2023-04-21 14:00:00;2023-04-21 15:00:00;True;-0.5559330038543386;47.46849236147444;432231.14920499554;6713600.72883131
Maine-et-Loire;Angers;49007;BEAUX ARTS;FR23120;background;NO;38;0.93;µg/m3;horaire;2023-04-21 14:00:00;2023-04-21 15:00:00;True;-0.5559330038543386;47.46849236147444;432231.14920499554;6713600.72883131
Maine-et-Loire;Angers;49007;BEAUX ARTS;FR23120;background;NOx;9;7.0;µg/m3 eq NO2;horaire;2023-04-21 14:00:00;2023-04-21 15:00:00;True;-0.5559330038543386;47.46849236147444;432231.14920499554;6713600.72883131
Maine-et-Loire;Angers;49007;BEAUX ARTS;FR23120;background;PM10;5;15.0;µg/m3;horaire;2023-04-21 14:00:00;2023-04-21 15:00:00;True;-0.5559330038543386;47.46849236147444;432231.14920499554;6713600.72883131
Maine-et-Loire;Angers;49007;BEAUX ARTS;FR23120;background;PM2.5;6001;12.0;µg/m3;horaire;2023-04-21 14:00:00;2023-04-21 15:00:00;True;-0.5559330038543386;47.46849236147444;432231.14920499554;6713600.72883131
Mayenne;Laval;53130;MAZAGRAN;FR23123;background;NO2;8;4.5;µg/m3;horaire;2023-04-21 14:00:00;2023-04-21 15:00:00;True;-0.7681529262800582;48.06936514490995;419447.0551375298;6781027.2411395665
Mayenne;Laval;53130;MAZAGRAN;FR23123;background;NO;38;0.57;µg/m3;horaire;2023-04-21 14:00:00;2023-04-21 15:00:00;True;-0.7681529262800582;48.06936514490995;419447.0551375298;6781027.2411395665
Mayenne;Laval;53130;MAZAGRAN;FR23123;background;NOx;9;5.4;µg/m3 eq NO2;horaire;2023-04-21 14:00:00;2023-04-21 15:00:00;True;-0.7681529262800582;48.06936514490995;419447.0551375298;6781027.2411395665
Mayenne;Laval;53130;MAZAGRAN;FR23123;background;O3;7;96.0;µg/m3;horaire;2023-04-21 14:00:00;2023-04-21 15:00:00;True;-0.7681529262800582;48.06936514490995;419447.0551375298;6781027.2411395665
Mayenne;Laval;53130;MAZAGRAN;FR23123;background;PM10;5;14.0;µg/m3;horaire;2023-04-21 14:00:00;2023-04-21 15:00:00;True;-0.7681529262800582;48.06936514490995;419447.0551375298;6781027.2411395665
Vendée;La Tardière;85289;LA TARDIERE;FR23124;background;NH3;35;4.8;µg/m3;horaire;2023-04-21 14:00:00;2023-04-21 15:00:00;True;-0.7433812921256286;46.65662489362803;413852.8420801177;6624178.2980740825
Vendée;La Tardière;85289;LA TARDIERE;FR23124;background;NO2;8;2.7;µg/m3;horaire;2023-04-21 14:00:00;2023-04-21 15:00:00;True;-0.7433812921256286;46.65662489362803;413852.8420801177;6624178.2980740825
Vendée;La Tardière;85289;LA TARDIERE;FR23124;background;NO;38;0.5;µg/m3;horaire;2023-04-21 14:00:00;2023-04-21 15:00:00;True;-0.7433812921256286;46.65662489362803;413852.8420801177;6624178.2980740825
Vendée;La Tardière;85289;LA TARDIERE;FR23124;background;NOx;9;3.3;µg/m3 eq NO2;horaire;2023-04-21 14:00:00;2023-04-21 15:00:00;True;-0.7433812921256286;46.65662489362803;413852.8420801177;6624178.2980740825
Vendée;La Tardière;85289;LA TARDIERE;FR23124;background;O3;7;96.0;µg/m3;horaire;2023-04-21 14:00:00;2023-04-21 15:00:00;True;-0.7433812921256286;46.65662489362803;413852.8420801177;6624178.2980740825
Vendée;La Tardière;85289;LA TARDIERE;FR23124;background;PM10;5;;µg/m3;horaire;2023-04-21 14:00:00;2023-04-21 15:00:00;False;-0.7433812921256286;46.65662489362803;413852.8420801177;6624178.2980740825
Vendée;La Tardière;85289;LA TARDIERE;FR23124;background;PM10;5;14.0;µg/m3;horaire;2023-04-21 14:00:00;2023-04-21 15:00:00;True;-0.7433812921256286;46.65662489362803;413852.8420801177;6624178.2980740825
Vendée;La Tardière;85289;LA TARDIERE;FR23124;background;PM2.5;6001;;µg/m3;horaire;2023-04-21 14:00:00;2023-04-21 15:00:00;False;-0.7433812921256286;46.65662489362803;413852.8420801177;6624178.2980740825
Loire-Atlantique;Paimbœuf;44116;CUTULLIC2;FR23149;industrial;SO2;1;1.7;µg/m3;horaire;2023-04-21 14:00:00;2023-04-21 15:00:00;True;-2.0324417113714177;47.28616795300179;319885.62629199366;6699433.757790069
Maine-et-Loire;Angers;49007;APPENTIS;FR23150;background;NO2;8;6.0;µg/m3;horaire;2023-04-21 14:00:00;2023-04-21 15:00:00;True;-0.5501000222079123;47.447336007801624;432564.4583844049;6711233.097282906
Maine-et-Loire;Angers;49007;APPENTIS;FR23150;background;NO;38;1.1;µg/m3;horaire;2023-04-21 14:00:00;2023-04-21 15:00:00;True;-0.5501000222079123;47.447336007801624;432564.4583844049;6711233.097282906
Maine-et-Loire;Angers;49007;APPENTIS;FR23150;background;NOx;9;7.6;µg/m3 eq NO2;horaire;2023-04-21 14:00:00;2023-04-21 15:00:00;True;-0.5501000222079123;47.447336007801624;432564.4583844049;6711233.097282906
Maine-et-Loire;Angers;49007;APPENTIS;FR23150;background;O3;7;100.0;µg/m3;horaire;2023-04-21 14:00:00;2023-04-21 15:00:00;True;-0.5501000222079123;47.447336007801624;432564.4583844049;6711233.097282906
Vendée;La Roche-Sur-Yon;85191;DELACROIX;FR23152;background;NO2;8;4.2;µg/m3;horaire;2023-04-21 14:00:00;2023-04-21 15:00:00;True;-1.4368610961896655;46.66064836113053;360919.2021133019;6627370.063373093
Vendée;La Roche-Sur-Yon;85191;DELACROIX;FR23152;background;NO;38;0.53;µg/m3;horaire;2023-04-21 14:00:00;2023-04-21 15:00:00;True;-1.4368610961896655;46.66064836113053;360919.2021133019;6627370.063373093
Vendée;La Roche-Sur-Yon;85191;DELACROIX;FR23152;background;NOx;9;5.0;µg/m3 eq NO2;horaire;2023-04-21 14:00:00;2023-04-21 15:00:00;True;-1.4368610961896655;46.66064836113053;360919.2021133019;6627370.063373093
Vendée;La Roche-Sur-Yon;85191;DELACROIX;FR23152;background;O3;7;100.0;µg/m3;horaire;2023-04-21 14:00:00;2023-04-21 15:00:00;True;-1.4368610961896655;46.66064836113053;360919.2021133019;6627370.063373093
Vendée;La Roche-Sur-Yon;85191;DELACROIX;FR23152;background;PM10;5;16.0;µg/m3;horaire;2023-04-21 14:00:00;2023-04-21 15:00:00;True;-1.4368610961896655;46.66064836113053;360919.2021133019;6627370.063373093
Vendée;La Roche-Sur-Yon;85191;DELACROIX;FR23152;background;PM2.5;6001;9.2;µg/m3;horaire;2023-04-21 14:00:00;2023-04-21 15:00:00;True;-1.4368610961896655;46.66064836113053;360919.2021133019;6627370.063373093
Loire-Atlantique;Bouaye;44018;EPINETTES;FR23157;background;O3;7;102.0;µg/m3;horaire;2023-04-21 14:00:00;2023-04-21 15:00:00;True;-1.6902690000000005;47.14608799999988;344775.68549371266;6682310.180873801
Sarthe;Spay;72344;FILLE;FR23163;background;O3;7;96.0;µg/m3;horaire;2023-04-21 14:00:00;2023-04-21 15:00:00;True;0.1518948064395943;47.92192248604607;487322.6743667995;6761783.716825325
Sarthe;Le Mans;72181;GUEDOU;FR23174;background;NO2;8;7.7;µg/m3;horaire;2023-04-21 14:00:00;2023-04-21 15:00:00;True;0.19605011554765286;47.98894827304624;490882.9153232856;6769108.857118812
Sarthe;Le Mans;72181;GUEDOU;FR23174;background;NO;38;1.2;µg/m3;horaire;2023-04-21 14:00:00;2023-04-21 15:00:00;True;0.19605011554765286;47.98894827304624;490882.9153232856;6769108.857118812
Sarthe;Le Mans;72181;GUEDOU;FR23174;background;NOx;9;9.5;µg/m3 eq NO2;horaire;2023-04-21 14:00:00;2023-04-21 15:00:00;True;0.19605011554765286;47.98894827304624;490882.9153232856;6769108.857118812
Maine-et-Loire;Bouchemaine;49035;CLOS DES BEAUVAIS;FR23175;background;O3;7;100.0;µg/m3;horaire;2023-04-21 14:00:00;2023-04-21 15:00:00;True;-0.6100060021346906;47.43011900354789;427967.33949541056;6709527.093695923
Mayenne;Saint-Denis-D'Anjou;53210;SAINT DENIS D'ANJOU;FR23177;background;NO;38;0.63;µg/m3;horaire;2023-04-21 14:00:00;2023-04-21 15:00:00;True;-0.4447696525665919;47.7883321330413;442146.2573931599;6748729.6000822345
Mayenne;Saint-Denis-D'Anjou;53210;SAINT DENIS D'ANJOU;FR23177;background;NO2;8;5.4;µg/m3;horaire;2023-04-21 14:00:00;2023-04-21 15:00:00;True;-0.4447696525665919;47.7883321330413;442146.2573931599;6748729.6000822345
Mayenne;Saint-Denis-D'Anjou;53210;SAINT DENIS D'ANJOU;FR23177;background;NOx;9;6.4;µg/m3 eq NO2;horaire;2023-04-21 14:00:00;2023-04-21 15:00:00;True;-0.4447696525665919;47.7883321330413;442146.2573931599;6748729.6000822345
Mayenne;Saint-Denis-D'Anjou;53210;SAINT DENIS D'ANJOU;FR23177;background;O3;7;100.0;µg/m3;horaire;2023-04-21 14:00:00;2023-04-21 15:00:00;True;-0.4447696525665919;47.7883321330413;442146.2573931599;6748729.6000822345
Mayenne;Saint-Denis-D'Anjou;53210;SAINT DENIS D'ANJOU;FR23177;background;PM10;5;16.0;µg/m3;horaire;2023-04-21 14:00:00;2023-04-21 15:00:00;True;-0.4447696525665919;47.7883321330413;442146.2573931599;6748729.6000822345
Loire-Atlantique;Donges;44052;PARSCAU DU PLESSIS;FR23178;industrial;NO;38;0.3;µg/m3;horaire;2023-04-21 14:00:00;2023-04-21 15:00:00;True;-2.06687664431583;47.318896029650766;317521.3409009125;6703228.095208768
Loire-Atlantique;Donges;44052;PARSCAU DU PLESSIS;FR23178;industrial;NO2;8;4.8;µg/m3;horaire;2023-04-21 14:00:00;2023-04-21 15:00:00;True;-2.06687664431583;47.318896029650766;317521.3409009125;6703228.095208768
Loire-Atlantique;Donges;44052;PARSCAU DU PLESSIS;FR23178;industrial;NOx;9;5.3;µg/m3 eq NO2;horaire;2023-04-21 14:00:00;2023-04-21 15:00:00;True;-2.06687664431583;47.318896029650766;317521.3409009125;6703228.095208768
Loire-Atlantique;Donges;44052;PARSCAU DU PLESSIS;FR23178;industrial;PM10;5;21.0;µg/m3;horaire;2023-04-21 14:00:00;2023-04-21 15:00:00;True;-2.06687664431583;47.318896029650766;317521.3409009125;6703228.095208768
Loire-Atlantique;Donges;44052;PARSCAU DU PLESSIS;FR23178;industrial;PM2.5;6001;16.0;µg/m3;horaire;2023-04-21 14:00:00;2023-04-21 15:00:00;True;-2.06687664431583;47.318896029650766;317521.3409009125;6703228.095208768
Loire-Atlantique;Donges;44052;PARSCAU DU PLESSIS;FR23178;industrial;SO2;1;0.0;µg/m3;horaire;2023-04-21 14:00:00;2023-04-21 15:00:00;True;-2.06687664431583;47.318896029650766;317521.3409009125;6703228.095208768
Loire-Atlantique;Saint-Nazaire;44184;PARC PAYSAGER;FR23181;background;NO;38;0.75;µg/m3;horaire;2023-04-21 14:00:00;2023-04-21 15:00:00;True;-2.2231753057476937;47.273129394194775;305403.8853541548;6698924.134703943
Loire-Atlantique;Saint-Nazaire;44184;PARC PAYSAGER;FR23181;background;NO2;8;5.9;µg/m3;horaire;2023-04-21 14:00:00;2023-04-21 15:00:00;True;-2.2231753057476937;47.273129394194775;305403.8853541548;6698924.134703943
Loire-Atlantique;Saint-Nazaire;44184;PARC PAYSAGER;FR23181;background;NOx;9;7.0;µg/m3 eq NO2;horaire;2023-04-21 14:00:00;2023-04-21 15:00:00;True;-2.2231753057476937;47.273129394194775;305403.8853541548;6698924.134703943
Loire-Atlantique;Saint-Nazaire;44184;PARC PAYSAGER;FR23181;background;SO2;1;1.5;µg/m3;horaire;2023-04-21 14:00:00;2023-04-21 15:00:00;True;-2.2231753057476937;47.273129394194775;305403.8853541548;6698924.134703943
Sarthe;Le Mans;72181;SOURCES;FR23182;background;NO2;8;3.2;µg/m3;horaire;2023-04-21 14:00:00;2023-04-21 15:00:00;True;0.2213390216306751;47.971141853614576;492698.55226572393;6767064.748575544
Sarthe;Le Mans;72181;SOURCES;FR23182;background;NO;38;1.1;µg/m3;horaire;2023-04-21 14:00:00;2023-04-21 15:00:00;True;0.2213390216306751;47.971141853614576;492698.55226572393;6767064.748575544
Sarthe;Le Mans;72181;SOURCES;FR23182;background;NOx;9;4.8;µg/m3 eq NO2;horaire;2023-04-21 14:00:00;2023-04-21 15:00:00;True;0.2213390216306751;47.971141853614576;492698.55226572393;6767064.748575544
Sarthe;Le Mans;72181;SOURCES;FR23182;background;O3;7;107.0;µg/m3;horaire;2023-04-21 14:00:00;2023-04-21 15:00:00;True;0.2213390216306751;47.971141853614576;492698.55226572393;6767064.748575544
Sarthe;Le Mans;72181;SOURCES;FR23182;background;PM10;5;17.0;µg/m3;horaire;2023-04-21 14:00:00;2023-04-21 15:00:00;True;0.2213390216306751;47.971141853614576;492698.55226572393;6767064.748575544
Sarthe;Le Mans;72181;SOURCES;FR23182;background;PM2.5;6001;11.0;µg/m3;horaire;2023-04-21 14:00:00;2023-04-21 15:00:00;True;0.2213390216306751;47.971141853614576;492698.55226572393;6767064.748575544
Loire-Atlantique;Nantes;44109;CIM BOUTEILLERIE;FR23188;background;BCwb;;22.0;%;horaire;2023-04-21 14:00:00;2023-04-21 15:00:00;True;-1.5374268258113177;47.22217589146574;356823.8361417605;6690071.409167136
Loire-Atlantique;Nantes;44109;CIM BOUTEILLERIE;FR23188;background;Hg;;0.3;ng/m3;horaire;2023-04-21 14:00:00;2023-04-21 15:00:00;True;-1.5374268258113177;47.22217589146574;356823.8361417605;6690071.409167136
Loire-Atlantique;Nantes;44109;CIM BOUTEILLERIE;FR23188;background;NO2;8;6.2;µg/m3;horaire;2023-04-21 14:00:00;2023-04-21 15:00:00;True;-1.5374268258113177;47.22217589146574;356823.8361417605;6690071.409167136
Loire-Atlantique;Nantes;44109;CIM BOUTEILLERIE;FR23188;background;NO;38;0.93;µg/m3;horaire;2023-04-21 14:00:00;2023-04-21 15:00:00;True;-1.5374268258113177;47.22217589146574;356823.8361417605;6690071.409167136
Loire-Atlantique;Nantes;44109;CIM BOUTEILLERIE;FR23188;background;NOx;9;7.6;µg/m3 eq NO2;horaire;2023-04-21 14:00:00;2023-04-21 15:00:00;True;-1.5374268258113177;47.22217589146574;356823.8361417605;6690071.409167136
Loire-Atlantique;Nantes;44109;CIM BOUTEILLERIE;FR23188;background;O3;7;97.0;µg/m3;horaire;2023-04-21 14:00:00;2023-04-21 15:00:00;True;-1.5374268258113177;47.22217589146574;356823.8361417605;6690071.409167136
Loire-Atlantique;Nantes;44109;CIM BOUTEILLERIE;FR23188;background;PM10;5;18.0;µg/m3;horaire;2023-04-21 14:00:00;2023-04-21 15:00:00;True;-1.5374268258113177;47.22217589146574;356823.8361417605;6690071.409167136
Loire-Atlantique;Nantes;44109;CIM BOUTEILLERIE;FR23188;background;PM2.5;6001;14.0;µg/m3;horaire;2023-04-21 14:00:00;2023-04-21 15:00:00;True;-1.5374268258113177;47.22217589146574;356823.8361417605;6690071.409167136
Loire-Atlantique;Nantes;44109;CIM BOUTEILLERIE;FR23188;background;PUF;;3670.0;P/cm3;horaire;2023-04-21 14:00:00;2023-04-21 15:00:00;True;-1.5374268258113177;47.22217589146574;356823.8361417605;6690071.409167136
Loire-Atlantique;Pornichet;44132;GASPARD;FR23230;background;O3;7;99.0;µg/m3;horaire;2023-04-21 14:00:00;2023-04-21 15:00:00;True;-2.3320669999999977;47.253055999964715;297039.3525861991;6697249.291127122
Loire-Atlantique;Rezé;44143;TRENTEMOULT;FR23238;specific;PM10;5;18.0;µg/m3;horaire;2023-04-21 14:00:00;2023-04-21 15:00:00;True;-1.5816779999999988;47.194146999964396;353300.20766508416;6687156.526597275
Loire-Atlantique;Rezé;44143;TRENTEMOULT;FR23238;specific;PM2.5;6001;16.0;µg/m3;horaire;2023-04-21 14:00:00;2023-04-21 15:00:00;True;-1.5816779999999988;47.194146999964396;353300.20766508416;6687156.526597275
Loire-Atlantique;Bouguenais;44020;LES COUETS;FR23239;industrial;NO2;8;10.0;µg/m3;horaire;2023-04-21 14:00:00;2023-04-21 15:00:00;True;-1.591496999999999;47.18591899996436;352504.9179813179;6686287.290819376
Loire-Atlantique;Bouguenais;44020;LES COUETS;FR23239;industrial;NO;38;2.6;µg/m3;horaire;2023-04-21 14:00:00;2023-04-21 15:00:00;True;-1.591496999999999;47.18591899996436;352504.9179813179;6686287.290819376
Loire-Atlantique;Bouguenais;44020;LES COUETS;FR23239;industrial;NOx;9;14.0;µg/m3 eq NO2;horaire;2023-04-21 14:00:00;2023-04-21 15:00:00;True;-1.591496999999999;47.18591899996436;352504.9179813179;6686287.290819376
Loire-Atlantique;Bouguenais;44020;LES COUETS;FR23239;industrial;PM10;5;23.0;µg/m3;horaire;2023-04-21 14:00:00;2023-04-21 15:00:00;True;-1.591496999999999;47.18591899996436;352504.9179813179;6686287.290819376
Loire-Atlantique;Bouguenais;44020;LES COUETS;FR23239;industrial;PM2.5;6001;16.0;µg/m3;horaire;2023-04-21 14:00:00;2023-04-21 15:00:00;True;-1.591496999999999;47.18591899996436;352504.9179813179;6686287.290819376
Maine-et-Loire;Angers;49007;ROI RENE;FR23242;traffic;NO;38;5.6;µg/m3;horaire;2023-04-21 14:00:00;2023-04-21 15:00:00;True;-0.5546410000000003;47.46693799998293;432320.60333853256;6713423.849690912
Maine-et-Loire;Angers;49007;ROI RENE;FR23242;traffic;NO2;8;20.0;µg/m3;horaire;2023-04-21 14:00:00;2023-04-21 15:00:00;True;-0.5546410000000003;47.46693799998293;432320.60333853256;6713423.849690912
Maine-et-Loire;Angers;49007;ROI RENE;FR23242;traffic;NOx;9;29.0;µg/m3 eq NO2;horaire;2023-04-21 14:00:00;2023-04-21 15:00:00;True;-0.5546410000000003;47.46693799998293;432320.60333853256;6713423.849690912
Maine-et-Loire;Angers;49007;ROI RENE;FR23242;traffic;PM10;5;18.0;µg/m3;horaire;2023-04-21 14:00:00;2023-04-21 15:00:00;True;-0.5546410000000003;47.46693799998293;432320.60333853256;6713423.849690912
Loire-Atlantique;Montoir-De-Bretagne;44103;CAMEE;FR23249;industrial;NO2;8;4.0;µg/m3;horaire;2023-04-21 14:00:00;2023-04-21 15:00:00;True;-2.1273331951941428;47.32113812654744;312980.25164916983;6703771.212179752
Loire-Atlantique;Montoir-De-Bretagne;44103;CAMEE;FR23249;industrial;NO;38;0.33;µg/m3;horaire;2023-04-21 14:00:00;2023-04-21 15:00:00;True;-2.1273331951941428;47.32113812654744;312980.25164916983;6703771.212179752
Loire-Atlantique;Montoir-De-Bretagne;44103;CAMEE;FR23249;industrial;NOx;9;4.5;µg/m3 eq NO2;horaire;2023-04-21 14:00:00;2023-04-21 15:00:00;True;-2.1273331951941428;47.32113812654744;312980.25164916983;6703771.212179752
Loire-Atlantique;Montoir-De-Bretagne;44103;CAMEE;FR23249;industrial;PM10;5;20.0;µg/m3;horaire;2023-04-21 14:00:00;2023-04-21 15:00:00;True;-2.1273331951941428;47.32113812654744;312980.25164916983;6703771.212179752
Loire-Atlantique;Montoir-De-Bretagne;44103;CAMEE;FR23249;industrial;PM2.5;6001;15.0;µg/m3;horaire;2023-04-21 14:00:00;2023-04-21 15:00:00;True;-2.1273331951941428;47.32113812654744;312980.25164916983;6703771.212179752
Loire-Atlantique;Montoir-De-Bretagne;44103;CAMEE;FR23249;industrial;SO2;1;1.1;µg/m3;horaire;2023-04-21 14:00:00;2023-04-21 15:00:00;True;-2.1273331951941428;47.32113812654744;312980.25164916983;6703771.212179752
Loire-Atlantique;Nantes;44109;FRERES GONCOURT;FR23251;traffic;C6H5-C2H5;431;0.31;µg/m3;horaire;2023-04-21 14:00:00;2023-04-21 15:00:00;True;-1.564803;47.23354499998231;354828.5774908221;6691451.497810739
Loire-Atlantique;Nantes;44109;FRERES GONCOURT;FR23251;traffic;C6H5-CH3;21;1.8;µg/m3;horaire;2023-04-21 14:00:00;2023-04-21 15:00:00;True;-1.564803;47.23354499998231;354828.5774908221;6691451.497810739
Loire-Atlantique;Nantes;44109;FRERES GONCOURT;FR23251;traffic;C6H6;20;0.81;µg/m3;horaire;2023-04-21 14:00:00;2023-04-21 15:00:00;True;-1.564803;47.23354499998231;354828.5774908221;6691451.497810739
Loire-Atlantique;Nantes;44109;FRERES GONCOURT;FR23251;traffic;CO;10;0.26;mg/m3;horaire;2023-04-21 14:00:00;2023-04-21 15:00:00;True;-1.564803;47.23354499998231;354828.5774908221;6691451.497810739
Loire-Atlantique;Nantes;44109;FRERES GONCOURT;FR23251;traffic;m,p-C6H4(CH3)2;464;1.0;µg/m3;horaire;2023-04-21 14:00:00;2023-04-21 15:00:00;True;-1.564803;47.23354499998231;354828.5774908221;6691451.497810739
Loire-Atlantique;Nantes;44109;FRERES GONCOURT;FR23251;traffic;NO;38;24.0;µg/m3;horaire;2023-04-21 14:00:00;2023-04-21 15:00:00;True;-1.564803;47.23354499998231;354828.5774908221;6691451.497810739
Loire-Atlantique;Nantes;44109;FRERES GONCOURT;FR23251;traffic;NO2;8;27.0;µg/m3;horaire;2023-04-21 14:00:00;2023-04-21 15:00:00;True;-1.564803;47.23354499998231;354828.5774908221;6691451.497810739
Loire-Atlantique;Nantes;44109;FRERES GONCOURT;FR23251;traffic;NOx;9;63.0;µg/m3 eq NO2;horaire;2023-04-21 14:00:00;2023-04-21 15:00:00;True;-1.564803;47.23354499998231;354828.5774908221;6691451.497810739
Loire-Atlantique;Nantes;44109;FRERES GONCOURT;FR23251;traffic;o-C6H4-(CH3)2;482;0.4;µg/m3;horaire;2023-04-21 14:00:00;2023-04-21 15:00:00;True;-1.564803;47.23354499998231;354828.5774908221;6691451.497810739
Loire-Atlantique;Nantes;44109;FRERES GONCOURT;FR23251;traffic;PM10;5;26.0;µg/m3;horaire;2023-04-21 14:00:00;2023-04-21 15:00:00;True;-1.564803;47.23354499998231;354828.5774908221;6691451.497810739
Loire-Atlantique;Nantes;44109;FRERES GONCOURT;FR23251;traffic;PM2.5;6001;19.0;µg/m3;horaire;2023-04-21 14:00:00;2023-04-21 15:00:00;True;-1.564803;47.23354499998231;354828.5774908221;6691451.497810739
Loire-Atlantique;Donges;44052;AMPERE;FR23001;industrial;SO2;1;0.25;µg/m3;horaire;2023-04-21 13:00:00;2023-04-21 14:00:00;True;-2.0813729293078014;47.324243646620644;316466.7822100732;6703891.209852793
Loire-Atlantique;Donges;44052;LA MEGRETAIS;FR23003;industrial;NO2;8;4.1;µg/m3;horaire;2023-04-21 13:00:00;2023-04-21 14:00:00;True;-2.039245335998521;47.322705228858595;319631.26531024784;6703516.8929397985
Loire-Atlantique;Donges;44052;LA MEGRETAIS;FR23003;industrial;NO;38;0.0;µg/m3;horaire;2023-04-21 13:00:00;2023-04-21 14:00:00;True;-2.039245335998521;47.322705228858595;319631.26531024784;6703516.8929397985
Loire-Atlantique;Donges;44052;LA MEGRETAIS;FR23003;industrial;NOx;9;4.0;µg/m3 eq NO2;horaire;2023-04-21 13:00:00;2023-04-21 14:00:00;True;-2.039245335998521;47.322705228858595;319631.26531024784;6703516.8929397985
Loire-Atlantique;Donges;44052;LA MEGRETAIS;FR23003;industrial;PM10;5;21.0;µg/m3;horaire;2023-04-21 13:00:00;2023-04-21 14:00:00;True;-2.039245335998521;47.322705228858595;319631.26531024784;6703516.8929397985
Loire-Atlantique;Donges;44052;LA MEGRETAIS;FR23003;industrial;PM2.5;6001;17.0;µg/m3;horaire;2023-04-21 13:00:00;2023-04-21 14:00:00;True;-2.039245335998521;47.322705228858595;319631.26531024784;6703516.8929397985
Loire-Atlantique;Donges;44052;LA MEGRETAIS;FR23003;industrial;SO2;1;0.0;µg/m3;horaire;2023-04-21 13:00:00;2023-04-21 14:00:00;True;-2.039245335998521;47.322705228858595;319631.26531024784;6703516.8929397985
Loire-Atlantique;Donges;44052;PASTEUR;FR23004;industrial;H2S;11;0.35;µg/m3;horaire;2023-04-21 13:00:00;2023-04-21 14:00:00;True;-2.073374401966883;47.31740262661712;317020.8741071;6703094.040787983
Loire-Atlantique;Donges;44052;PASTEUR;FR23004;industrial;SO2;1;1.1;µg/m3;horaire;2023-04-21 13:00:00;2023-04-21 14:00:00;True;-2.073374401966883;47.31740262661712;317020.8741071;6703094.040787983
Loire-Atlantique;Frossay;44061;FROSSAY;FR23068;industrial;NO2;8;5.0;µg/m3;horaire;2023-04-21 13:00:00;2023-04-21 14:00:00;True;-1.9365235553956817;47.24735229625331;326851.68236097385;6694673.195316758
Loire-Atlantique;Frossay;44061;FROSSAY;FR23068;industrial;NO;38;0.23;µg/m3;horaire;2023-04-21 13:00:00;2023-04-21 14:00:00;True;-1.9365235553956817;47.24735229625331;326851.68236097385;6694673.195316758
Loire-Atlantique;Frossay;44061;FROSSAY;FR23068;industrial;NOx;9;5.4;µg/m3 eq NO2;horaire;2023-04-21 13:00:00;2023-04-21 14:00:00;True;-1.9365235553956817;47.24735229625331;326851.68236097385;6694673.195316758
Loire-Atlantique;Frossay;44061;FROSSAY;FR23068;industrial;PM10;5;27.0;µg/m3;horaire;2023-04-21 13:00:00;2023-04-21 14:00:00;True;-1.9365235553956817;47.24735229625331;326851.68236097385;6694673.195316758
Loire-Atlantique;Frossay;44061;FROSSAY;FR23068;industrial;SO2;1;0.0;µg/m3;horaire;2023-04-21 13:00:00;2023-04-21 14:00:00;True;-1.9365235553956817;47.24735229625331;326851.68236097385;6694673.195316758
Loire-Atlantique;Savenay;44195;SAVENAY;FR23069;industrial;SO2;1;0.0;µg/m3;horaire;2023-04-21 13:00:00;2023-04-21 14:00:00;True;-1.9535935295608815;47.36020691809557;326348.9822352358;6707265.42533564
Loire-Atlantique;Saint-Etienne-De-Montluc;44158;SAINT ETIENNE DE MONTLUC;FR23070;industrial;NO2;8;3.3;µg/m3;horaire;2023-04-21 13:00:00;2023-04-21 14:00:00;True;-1.7830812813449453;47.28312712300018;338676.42390903604;6697925.914501535
Loire-Atlantique;Saint-Etienne-De-Montluc;44158;SAINT ETIENNE DE MONTLUC;FR23070;industrial;NO;38;0.05;µg/m3;horaire;2023-04-21 13:00:00;2023-04-21 14:00:00;True;-1.7830812813449453;47.28312712300018;338676.42390903604;6697925.914501535
Loire-Atlantique;Saint-Etienne-De-Montluc;44158;SAINT ETIENNE DE MONTLUC;FR23070;industrial;NOx;9;3.4;µg/m3 eq NO2;horaire;2023-04-21 13:00:00;2023-04-21 14:00:00;True;-1.7830812813449453;47.28312712300018;338676.42390903604;6697925.914501535
Loire-Atlantique;Saint-Etienne-De-Montluc;44158;SAINT ETIENNE DE MONTLUC;FR23070;industrial;PM10;5;21.0;µg/m3;horaire;2023-04-21 13:00:00;2023-04-21 14:00:00;True;-1.7830812813449453;47.28312712300018;338676.42390903604;6697925.914501535
Loire-Atlantique;Saint-Etienne-De-Montluc;44158;SAINT ETIENNE DE MONTLUC;FR23070;industrial;PM2.5;6001;16.0;µg/m3;horaire;2023-04-21 13:00:00;2023-04-21 14:00:00;True;-1.7830812813449453;47.28312712300018;338676.42390903604;6697925.914501535
Loire-Atlantique;Saint-Etienne-De-Montluc;44158;SAINT ETIENNE DE MONTLUC;FR23070;industrial;SO2;1;1.1;µg/m3;horaire;2023-04-21 13:00:00;2023-04-21 14:00:00;True;-1.7830812813449453;47.28312712300018;338676.42390903604;6697925.914501535
Loire-Atlantique;Trignac;44210;JULES VERNE;FR23075;industrial;NO2;8;6.0;µg/m3;horaire;2023-04-21 13:00:00;2023-04-21 14:00:00;True;-2.1904076735030835;47.315645037165524;308186.02080619615;6703473.391126138
Loire-Atlantique;Trignac;44210;JULES VERNE;FR23075;industrial;NO;38;1.6;µg/m3;horaire;2023-04-21 13:00:00;2023-04-21 14:00:00;True;-2.1904076735030835;47.315645037165524;308186.02080619615;6703473.391126138
Loire-Atlantique;Trignac;44210;JULES VERNE;FR23075;industrial;NOx;9;8.3;µg/m3 eq NO2;horaire;2023-04-21 13:00:00;2023-04-21 14:00:00;True;-2.1904076735030835;47.315645037165524;308186.02080619615;6703473.391126138
Maine-et-Loire;Cholet;49099;SAINT EXUPERY;FR23078;background;NO2;8;5.9;µg/m3;horaire;2023-04-21 13:00:00;2023-04-21 14:00:00;True;-0.8835758137839181;47.055828646104125;405324.4925768649;6668979.670961294
Maine-et-Loire;Cholet;49099;SAINT EXUPERY;FR23078;background;NO;38;1.1;µg/m3;horaire;2023-04-21 13:00:00;2023-04-21 14:00:00;True;-0.8835758137839181;47.055828646104125;405324.4925768649;6668979.670961294
Maine-et-Loire;Cholet;49099;SAINT EXUPERY;FR23078;background;NOx;9;7.4;µg/m3 eq NO2;horaire;2023-04-21 13:00:00;2023-04-21 14:00:00;True;-0.8835758137839181;47.055828646104125;405324.4925768649;6668979.670961294
Maine-et-Loire;Cholet;49099;SAINT EXUPERY;FR23078;background;O3;7;100.0;µg/m3;horaire;2023-04-21 13:00:00;2023-04-21 14:00:00;True;-0.8835758137839181;47.055828646104125;405324.4925768649;6668979.670961294
Maine-et-Loire;Cholet;49099;SAINT EXUPERY;FR23078;background;PM10;5;14.0;µg/m3;horaire;2023-04-21 13:00:00;2023-04-21 14:00:00;True;-0.8835758137839181;47.055828646104125;405324.4925768649;6668979.670961294
Loire-Atlantique;Nantes;44109;LA CHAUVINIERE;FR23107;background;NO2;8;5.3;µg/m3;horaire;2023-04-21 13:00:00;2023-04-21 14:00:00;True;-1.5732745401793513;47.25291196744293;354313.2357701814;6693636.219563372
Loire-Atlantique;Nantes;44109;LA CHAUVINIERE;FR23107;background;NO;38;0.75;µg/m3;horaire;2023-04-21 13:00:00;2023-04-21 14:00:00;True;-1.5732745401793513;47.25291196744293;354313.2357701814;6693636.219563372
Loire-Atlantique;Nantes;44109;LA CHAUVINIERE;FR23107;background;NOx;9;6.5;µg/m3 eq NO2;horaire;2023-04-21 13:00:00;2023-04-21 14:00:00;True;-1.5732745401793513;47.25291196744293;354313.2357701814;6693636.219563372
Loire-Atlantique;Nantes;44109;LA CHAUVINIERE;FR23107;background;PM10;5;22.0;µg/m3;horaire;2023-04-21 13:00:00;2023-04-21 14:00:00;True;-1.5732745401793513;47.25291196744293;354313.2357701814;6693636.219563372
Loire-Atlantique;Nantes;44109;LA CHAUVINIERE;FR23107;background;PM2.5;6001;18.0;µg/m3;horaire;2023-04-21 13:00:00;2023-04-21 14:00:00;True;-1.5732745401793513;47.25291196744293;354313.2357701814;6693636.219563372
Loire-Atlantique;Saint-Nazaire;44184;LEON BLUM;FR23110;background;NO2;8;4.5;µg/m3;horaire;2023-04-21 13:00:00;2023-04-21 14:00:00;True;-2.2501538782724806;47.26411028437446;303302.1643903805;6698059.671526036
Loire-Atlantique;Saint-Nazaire;44184;LEON BLUM;FR23110;background;NO;38;0.63;µg/m3;horaire;2023-04-21 13:00:00;2023-04-21 14:00:00;True;-2.2501538782724806;47.26411028437446;303302.1643903805;6698059.671526036
Loire-Atlantique;Saint-Nazaire;44184;LEON BLUM;FR23110;background;NOx;9;5.4;µg/m3 eq NO2;horaire;2023-04-21 13:00:00;2023-04-21 14:00:00;True;-2.2501538782724806;47.26411028437446;303302.1643903805;6698059.671526036
Loire-Atlantique;Saint-Nazaire;44184;LEON BLUM;FR23110;background;O3;7;95.0;µg/m3;horaire;2023-04-21 13:00:00;2023-04-21 14:00:00;True;-2.2501538782724806;47.26411028437446;303302.1643903805;6698059.671526036
Loire-Atlantique;Saint-Nazaire;44184;LEON BLUM;FR23110;background;PM10;5;25.0;µg/m3;horaire;2023-04-21 13:00:00;2023-04-21 14:00:00;True;-2.2501538782724806;47.26411028437446;303302.1643903805;6698059.671526036
Loire-Atlantique;Saint-Nazaire;44184;LEON BLUM;FR23110;background;PM2.5;6001;12.0;µg/m3;horaire;2023-04-21 13:00:00;2023-04-21 14:00:00;True;-2.2501538782724806;47.26411028437446;303302.1643903805;6698059.671526036
Maine-et-Loire;Angers;49007;BEAUX ARTS;FR23120;background;NO2;8;5.9;µg/m3;horaire;2023-04-21 13:00:00;2023-04-21 14:00:00;True;-0.5559330038543386;47.46849236147444;432231.14920499554;6713600.72883131
Maine-et-Loire;Angers;49007;BEAUX ARTS;FR23120;background;NO;38;1.2;µg/m3;horaire;2023-04-21 13:00:00;2023-04-21 14:00:00;True;-0.5559330038543386;47.46849236147444;432231.14920499554;6713600.72883131
Maine-et-Loire;Angers;49007;BEAUX ARTS;FR23120;background;NOx;9;7.6;µg/m3 eq NO2;horaire;2023-04-21 13:00:00;2023-04-21 14:00:00;True;-0.5559330038543386;47.46849236147444;432231.14920499554;6713600.72883131
Maine-et-Loire;Angers;49007;BEAUX ARTS;FR23120;background;PM10;5;17.0;µg/m3;horaire;2023-04-21 13:00:00;2023-04-21 14:00:00;True;-0.5559330038543386;47.46849236147444;432231.14920499554;6713600.72883131
Maine-et-Loire;Angers;49007;BEAUX ARTS;FR23120;background;PM2.5;6001;14.0;µg/m3;horaire;2023-04-21 13:00:00;2023-04-21 14:00:00;True;-0.5559330038543386;47.46849236147444;432231.14920499554;6713600.72883131
Mayenne;Laval;53130;MAZAGRAN;FR23123;background;NO2;8;4.9;µg/m3;horaire;2023-04-21 13:00:00;2023-04-21 14:00:00;True;-0.7681529262800582;48.06936514490995;419447.0551375298;6781027.2411395665
Mayenne;Laval;53130;MAZAGRAN;FR23123;background;NO;38;0.57;µg/m3;horaire;2023-04-21 13:00:00;2023-04-21 14:00:00;True;-0.7681529262800582;48.06936514490995;419447.0551375298;6781027.2411395665
Mayenne;Laval;53130;MAZAGRAN;FR23123;background;NOx;9;5.8;µg/m3 eq NO2;horaire;2023-04-21 13:00:00;2023-04-21 14:00:00;True;-0.7681529262800582;48.06936514490995;419447.0551375298;6781027.2411395665
Mayenne;Laval;53130;MAZAGRAN;FR23123;background;O3;7;92.0;µg/m3;horaire;2023-04-21 13:00:00;2023-04-21 14:00:00;True;-0.7681529262800582;48.06936514490995;419447.0551375298;6781027.2411395665
Mayenne;Laval;53130;MAZAGRAN;FR23123;background;PM10;5;17.0;µg/m3;horaire;2023-04-21 13:00:00;2023-04-21 14:00:00;True;-0.7681529262800582;48.06936514490995;419447.0551375298;6781027.2411395665
Vendée;La Tardière;85289;LA TARDIERE;FR23124;background;NH3;35;4.9;µg/m3;horaire;2023-04-21 13:00:00;2023-04-21 14:00:00;True;-0.7433812921256286;46.65662489362803;413852.8420801177;6624178.2980740825
Vendée;La Tardière;85289;LA TARDIERE;FR23124;background;NO2;8;2.2;µg/m3;horaire;2023-04-21 13:00:00;2023-04-21 14:00:00;True;-0.7433812921256286;46.65662489362803;413852.8420801177;6624178.2980740825
Vendée;La Tardière;85289;LA TARDIERE;FR23124;background;NO;38;0.2;µg/m3;horaire;2023-04-21 13:00:00;2023-04-21 14:00:00;True;-0.7433812921256286;46.65662489362803;413852.8420801177;6624178.2980740825
Vendée;La Tardière;85289;LA TARDIERE;FR23124;background;NOx;9;2.5;µg/m3 eq NO2;horaire;2023-04-21 13:00:00;2023-04-21 14:00:00;True;-0.7433812921256286;46.65662489362803;413852.8420801177;6624178.2980740825
Vendée;La Tardière;85289;LA TARDIERE;FR23124;background;O3;7;93.0;µg/m3;horaire;2023-04-21 13:00:00;2023-04-21 14:00:00;True;-0.7433812921256286;46.65662489362803;413852.8420801177;6624178.2980740825
Vendée;La Tardière;85289;LA TARDIERE;FR23124;background;PM10;5;;µg/m3;horaire;2023-04-21 13:00:00;2023-04-21 14:00:00;False;-0.7433812921256286;46.65662489362803;413852.8420801177;6624178.2980740825
Vendée;La Tardière;85289;LA TARDIERE;FR23124;background;PM10;5;15.0;µg/m3;horaire;2023-04-21 13:00:00;2023-04-21 14:00:00;True;-0.7433812921256286;46.65662489362803;413852.8420801177;6624178.2980740825
Vendée;La Tardière;85289;LA TARDIERE;FR23124;background;PM2.5;6001;;µg/m3;horaire;2023-04-21 13:00:00;2023-04-21 14:00:00;False;-0.7433812921256286;46.65662489362803;413852.8420801177;6624178.2980740825
Loire-Atlantique;Paimbœuf;44116;CUTULLIC2;FR23149;industrial;SO2;1;1.7;µg/m3;horaire;2023-04-21 13:00:00;2023-04-21 14:00:00;True;-2.0324417113714177;47.28616795300179;319885.62629199366;6699433.757790069
Maine-et-Loire;Angers;49007;APPENTIS;FR23150;background;NO2;8;5.7;µg/m3;horaire;2023-04-21 13:00:00;2023-04-21 14:00:00;True;-0.5501000222079123;47.447336007801624;432564.4583844049;6711233.097282906
Maine-et-Loire;Angers;49007;APPENTIS;FR23150;background;NO;38;1.0;µg/m3;horaire;2023-04-21 13:00:00;2023-04-21 14:00:00;True;-0.5501000222079123;47.447336007801624;432564.4583844049;6711233.097282906
Maine-et-Loire;Angers;49007;APPENTIS;FR23150;background;NOx;9;7.2;µg/m3 eq NO2;horaire;2023-04-21 13:00:00;2023-04-21 14:00:00;True;-0.5501000222079123;47.447336007801624;432564.4583844049;6711233.097282906
Maine-et-Loire;Angers;49007;APPENTIS;FR23150;background;O3;7;98.0;µg/m3;horaire;2023-04-21 13:00:00;2023-04-21 14:00:00;True;-0.5501000222079123;47.447336007801624;432564.4583844049;6711233.097282906
Vendée;La Roche-Sur-Yon;85191;DELACROIX;FR23152;background;NO2;8;4.4;µg/m3;horaire;2023-04-21 13:00:00;2023-04-21 14:00:00;True;-1.4368610961896655;46.66064836113053;360919.2021133019;6627370.063373093
Vendée;La Roche-Sur-Yon;85191;DELACROIX;FR23152;background;NO;38;0.7;µg/m3;horaire;2023-04-21 13:00:00;2023-04-21 14:00:00;True;-1.4368610961896655;46.66064836113053;360919.2021133019;6627370.063373093
Vendée;La Roche-Sur-Yon;85191;DELACROIX;FR23152;background;NOx;9;5.4;µg/m3 eq NO2;horaire;2023-04-21 13:00:00;2023-04-21 14:00:00;True;-1.4368610961896655;46.66064836113053;360919.2021133019;6627370.063373093
Vendée;La Roche-Sur-Yon;85191;DELACROIX;FR23152;background;O3;7;97.0;µg/m3;horaire;2023-04-21 13:00:00;2023-04-21 14:00:00;True;-1.4368610961896655;46.66064836113053;360919.2021133019;6627370.063373093
Vendée;La Roche-Sur-Yon;85191;DELACROIX;FR23152;background;PM10;5;19.0;µg/m3;horaire;2023-04-21 13:00:00;2023-04-21 14:00:00;True;-1.4368610961896655;46.66064836113053;360919.2021133019;6627370.063373093
Vendée;La Roche-Sur-Yon;85191;DELACROIX;FR23152;background;PM2.5;6001;11.0;µg/m3;horaire;2023-04-21 13:00:00;2023-04-21 14:00:00;True;-1.4368610961896655;46.66064836113053;360919.2021133019;6627370.063373093
Loire-Atlantique;Bouaye;44018;EPINETTES;FR23157;background;O3;7;98.0;µg/m3;horaire;2023-04-21 13:00:00;2023-04-21 14:00:00;True;-1.6902690000000005;47.14608799999988;344775.68549371266;6682310.180873801
Sarthe;Spay;72344;FILLE;FR23163;background;O3;7;96.0;µg/m3;horaire;2023-04-21 13:00:00;2023-04-21 14:00:00;True;0.1518948064395943;47.92192248604607;487322.6743667995;6761783.716825325
Sarthe;Le Mans;72181;GUEDOU;FR23174;background;NO2;8;6.0;µg/m3;horaire;2023-04-21 13:00:00;2023-04-21 14:00:00;True;0.19605011554765286;47.98894827304624;490882.9153232856;6769108.857118812
Sarthe;Le Mans;72181;GUEDOU;FR23174;background;NO;38;1.2;µg/m3;horaire;2023-04-21 13:00:00;2023-04-21 14:00:00;True;0.19605011554765286;47.98894827304624;490882.9153232856;6769108.857118812
Sarthe;Le Mans;72181;GUEDOU;FR23174;background;NOx;9;7.8;µg/m3 eq NO2;horaire;2023-04-21 13:00:00;2023-04-21 14:00:00;True;0.19605011554765286;47.98894827304624;490882.9153232856;6769108.857118812
Maine-et-Loire;Bouchemaine;49035;CLOS DES BEAUVAIS;FR23175;background;O3;7;97.0;µg/m3;horaire;2023-04-21 13:00:00;2023-04-21 14:00:00;True;-0.6100060021346906;47.43011900354789;427967.33949541056;6709527.093695923
Mayenne;Saint-Denis-D'Anjou;53210;SAINT DENIS D'ANJOU;FR23177;background;NO;38;0.65;µg/m3;horaire;2023-04-21 13:00:00;2023-04-21 14:00:00;True;-0.4447696525665919;47.7883321330413;442146.2573931599;6748729.6000822345
Mayenne;Saint-Denis-D'Anjou;53210;SAINT DENIS D'ANJOU;FR23177;background;NO2;8;5.1;µg/m3;horaire;2023-04-21 13:00:00;2023-04-21 14:00:00;True;-0.4447696525665919;47.7883321330413;442146.2573931599;6748729.6000822345
Mayenne;Saint-Denis-D'Anjou;53210;SAINT DENIS D'ANJOU;FR23177;background;NOx;9;6.1;µg/m3 eq NO2;horaire;2023-04-21 13:00:00;2023-04-21 14:00:00;True;-0.4447696525665919;47.7883321330413;442146.2573931599;6748729.6000822345
Mayenne;Saint-Denis-D'Anjou;53210;SAINT DENIS D'ANJOU;FR23177;background;O3;7;94.0;µg/m3;horaire;2023-04-21 13:00:00;2023-04-21 14:00:00;True;-0.4447696525665919;47.7883321330413;442146.2573931599;6748729.6000822345
Mayenne;Saint-Denis-D'Anjou;53210;SAINT DENIS D'ANJOU;FR23177;background;PM10;5;18.0;µg/m3;horaire;2023-04-21 13:00:00;2023-04-21 14:00:00;True;-0.4447696525665919;47.7883321330413;442146.2573931599;6748729.6000822345
Loire-Atlantique;Donges;44052;PARSCAU DU PLESSIS;FR23178;industrial;NO;38;0.3;µg/m3;horaire;2023-04-21 13:00:00;2023-04-21 14:00:00;True;-2.06687664431583;47.318896029650766;317521.3409009125;6703228.095208768
Loire-Atlantique;Donges;44052;PARSCAU DU PLESSIS;FR23178;industrial;NO2;8;4.5;µg/m3;horaire;2023-04-21 13:00:00;2023-04-21 14:00:00;True;-2.06687664431583;47.318896029650766;317521.3409009125;6703228.095208768
Loire-Atlantique;Donges;44052;PARSCAU DU PLESSIS;FR23178;industrial;NOx;9;5.0;µg/m3 eq NO2;horaire;2023-04-21 13:00:00;2023-04-21 14:00:00;True;-2.06687664431583;47.318896029650766;317521.3409009125;6703228.095208768
Loire-Atlantique;Donges;44052;PARSCAU DU PLESSIS;FR23178;industrial;PM10;5;20.0;µg/m3;horaire;2023-04-21 13:00:00;2023-04-21 14:00:00;True;-2.06687664431583;47.318896029650766;317521.3409009125;6703228.095208768
Loire-Atlantique;Donges;44052;PARSCAU DU PLESSIS;FR23178;industrial;PM2.5;6001;17.0;µg/m3;horaire;2023-04-21 13:00:00;2023-04-21 14:00:00;True;-2.06687664431583;47.318896029650766;317521.3409009125;6703228.095208768
Loire-Atlantique;Donges;44052;PARSCAU DU PLESSIS;FR23178;industrial;SO2;1;0.0;µg/m3;horaire;2023-04-21 13:00:00;2023-04-21 14:00:00;True;-2.06687664431583;47.318896029650766;317521.3409009125;6703228.095208768
Loire-Atlantique;Saint-Nazaire;44184;PARC PAYSAGER;FR23181;background;NO;38;0.75;µg/m3;horaire;2023-04-21 13:00:00;2023-04-21 14:00:00;True;-2.2231753057476937;47.273129394194775;305403.8853541548;6698924.134703943
Loire-Atlantique;Saint-Nazaire;44184;PARC PAYSAGER;FR23181;background;NO2;8;6.2;µg/m3;horaire;2023-04-21 13:00:00;2023-04-21 14:00:00;True;-2.2231753057476937;47.273129394194775;305403.8853541548;6698924.134703943
Loire-Atlantique;Saint-Nazaire;44184;PARC PAYSAGER;FR23181;background;NOx;9;7.4;µg/m3 eq NO2;horaire;2023-04-21 13:00:00;2023-04-21 14:00:00;True;-2.2231753057476937;47.273129394194775;305403.8853541548;6698924.134703943
Loire-Atlantique;Saint-Nazaire;44184;PARC PAYSAGER;FR23181;background;SO2;1;0.95;µg/m3;horaire;2023-04-21 13:00:00;2023-04-21 14:00:00;True;-2.2231753057476937;47.273129394194775;305403.8853541548;6698924.134703943
Sarthe;Le Mans;72181;SOURCES;FR23182;background;NO2;8;3.3;µg/m3;horaire;2023-04-21 13:00:00;2023-04-21 14:00:00;True;0.2213390216306751;47.971141853614576;492698.55226572393;6767064.748575544
Sarthe;Le Mans;72181;SOURCES;FR23182;background;NO;38;1.2;µg/m3;horaire;2023-04-21 13:00:00;2023-04-21 14:00:00;True;0.2213390216306751;47.971141853614576;492698.55226572393;6767064.748575544
Sarthe;Le Mans;72181;SOURCES;FR23182;background;NOx;9;5.2;µg/m3 eq NO2;horaire;2023-04-21 13:00:00;2023-04-21 14:00:00;True;0.2213390216306751;47.971141853614576;492698.55226572393;6767064.748575544
Sarthe;Le Mans;72181;SOURCES;FR23182;background;O3;7;104.0;µg/m3;horaire;2023-04-21 13:00:00;2023-04-21 14:00:00;True;0.2213390216306751;47.971141853614576;492698.55226572393;6767064.748575544
Sarthe;Le Mans;72181;SOURCES;FR23182;background;PM10;5;13.0;µg/m3;horaire;2023-04-21 13:00:00;2023-04-21 14:00:00;True;0.2213390216306751;47.971141853614576;492698.55226572393;6767064.748575544
Sarthe;Le Mans;72181;SOURCES;FR23182;background;PM2.5;6001;10.0;µg/m3;horaire;2023-04-21 13:00:00;2023-04-21 14:00:00;True;0.2213390216306751;47.971141853614576;492698.55226572393;6767064.748575544
Loire-Atlantique;Nantes;44109;CIM BOUTEILLERIE;FR23188;background;BCwb;;21.0;%;horaire;2023-04-21 13:00:00;2023-04-21 14:00:00;True;-1.5374268258113177;47.22217589146574;356823.8361417605;6690071.409167136
Loire-Atlantique;Nantes;44109;CIM BOUTEILLERIE;FR23188;background;Hg;;0.34;ng/m3;horaire;2023-04-21 13:00:00;2023-04-21 14:00:00;True;-1.5374268258113177;47.22217589146574;356823.8361417605;6690071.409167136
Loire-Atlantique;Nantes;44109;CIM BOUTEILLERIE;FR23188;background;NO2;8;6.1;µg/m3;horaire;2023-04-21 13:00:00;2023-04-21 14:00:00;True;-1.5374268258113177;47.22217589146574;356823.8361417605;6690071.409167136
Loire-Atlantique;Nantes;44109;CIM BOUTEILLERIE;FR23188;background;NO;38;0.88;µg/m3;horaire;2023-04-21 13:00:00;2023-04-21 14:00:00;True;-1.5374268258113177;47.22217589146574;356823.8361417605;6690071.409167136
Loire-Atlantique;Nantes;44109;CIM BOUTEILLERIE;FR23188;background;NOx;9;7.4;µg/m3 eq NO2;horaire;2023-04-21 13:00:00;2023-04-21 14:00:00;True;-1.5374268258113177;47.22217589146574;356823.8361417605;6690071.409167136
Loire-Atlantique;Nantes;44109;CIM BOUTEILLERIE;FR23188;background;O3;7;95.0;µg/m3;horaire;2023-04-21 13:00:00;2023-04-21 14:00:00;True;-1.5374268258113177;47.22217589146574;356823.8361417605;6690071.409167136
Loire-Atlantique;Nantes;44109;CIM BOUTEILLERIE;FR23188;background;PM10;5;22.0;µg/m3;horaire;2023-04-21 13:00:00;2023-04-21 14:00:00;True;-1.5374268258113177;47.22217589146574;356823.8361417605;6690071.409167136
Loire-Atlantique;Nantes;44109;CIM BOUTEILLERIE;FR23188;background;PM2.5;6001;17.0;µg/m3;horaire;2023-04-21 13:00:00;2023-04-21 14:00:00;True;-1.5374268258113177;47.22217589146574;356823.8361417605;6690071.409167136
Loire-Atlantique;Nantes;44109;CIM BOUTEILLERIE;FR23188;background;PUF;;3333.0;P/cm3;horaire;2023-04-21 13:00:00;2023-04-21 14:00:00;True;-1.5374268258113177;47.22217589146574;356823.8361417605;6690071.409167136
Loire-Atlantique;Pornichet;44132;GASPARD;FR23230;background;O3;7;97.0;µg/m3;horaire;2023-04-21 13:00:00;2023-04-21 14:00:00;True;-2.3320669999999977;47.253055999964715;297039.3525861991;6697249.291127122
Loire-Atlantique;Rezé;44143;TRENTEMOULT;FR23238;specific;PM10;5;26.0;µg/m3;horaire;2023-04-21 13:00:00;2023-04-21 14:00:00;True;-1.5816779999999988;47.194146999964396;353300.20766508416;6687156.526597275
Loire-Atlantique;Rezé;44143;TRENTEMOULT;FR23238;specific;PM2.5;6001;15.0;µg/m3;horaire;2023-04-21 13:00:00;2023-04-21 14:00:00;True;-1.5816779999999988;47.194146999964396;353300.20766508416;6687156.526597275
Loire-Atlantique;Bouguenais;44020;LES COUETS;FR23239;industrial;NO2;8;9.0;µg/m3;horaire;2023-04-21 13:00:00;2023-04-21 14:00:00;True;-1.591496999999999;47.18591899996436;352504.9179813179;6686287.290819376
Loire-Atlantique;Bouguenais;44020;LES COUETS;FR23239;industrial;NO;38;1.9;µg/m3;horaire;2023-04-21 13:00:00;2023-04-21 14:00:00;True;-1.591496999999999;47.18591899996436;352504.9179813179;6686287.290819376
Loire-Atlantique;Bouguenais;44020;LES COUETS;FR23239;industrial;NOx;9;12.0;µg/m3 eq NO2;horaire;2023-04-21 13:00:00;2023-04-21 14:00:00;True;-1.591496999999999;47.18591899996436;352504.9179813179;6686287.290819376
Loire-Atlantique;Bouguenais;44020;LES COUETS;FR23239;industrial;PM10;5;21.0;µg/m3;horaire;2023-04-21 13:00:00;2023-04-21 14:00:00;True;-1.591496999999999;47.18591899996436;352504.9179813179;6686287.290819376
Loire-Atlantique;Bouguenais;44020;LES COUETS;FR23239;industrial;PM2.5;6001;16.0;µg/m3;horaire;2023-04-21 13:00:00;2023-04-21 14:00:00;True;-1.591496999999999;47.18591899996436;352504.9179813179;6686287.290819376
Maine-et-Loire;Angers;49007;ROI RENE;FR23242;traffic;NO;38;15.0;µg/m3;horaire;2023-04-21 13:00:00;2023-04-21 14:00:00;True;-0.5546410000000003;47.46693799998293;432320.60333853256;6713423.849690912
Maine-et-Loire;Angers;49007;ROI RENE;FR23242;traffic;NO2;8;31.0;µg/m3;horaire;2023-04-21 13:00:00;2023-04-21 14:00:00;True;-0.5546410000000003;47.46693799998293;432320.60333853256;6713423.849690912
Maine-et-Loire;Angers;49007;ROI RENE;FR23242;traffic;NOx;9;53.0;µg/m3 eq NO2;horaire;2023-04-21 13:00:00;2023-04-21 14:00:00;True;-0.5546410000000003;47.46693799998293;432320.60333853256;6713423.849690912
Maine-et-Loire;Angers;49007;ROI RENE;FR23242;traffic;PM10;5;19.0;µg/m3;horaire;2023-04-21 13:00:00;2023-04-21 14:00:00;True;-0.5546410000000003;47.46693799998293;432320.60333853256;6713423.849690912
Loire-Atlantique;Montoir-De-Bretagne;44103;CAMEE;FR23249;industrial;NO2;8;4.1;µg/m3;horaire;2023-04-21 13:00:00;2023-04-21 14:00:00;True;-2.1273331951941428;47.32113812654744;312980.25164916983;6703771.212179752
Loire-Atlantique;Montoir-De-Bretagne;44103;CAMEE;FR23249;industrial;NO;38;0.4;µg/m3;horaire;2023-04-21 13:00:00;2023-04-21 14:00:00;True;-2.1273331951941428;47.32113812654744;312980.25164916983;6703771.212179752
Loire-Atlantique;Montoir-De-Bretagne;44103;CAMEE;FR23249;industrial;NOx;9;4.7;µg/m3 eq NO2;horaire;2023-04-21 13:00:00;2023-04-21 14:00:00;True;-2.1273331951941428;47.32113812654744;312980.25164916983;6703771.212179752
Loire-Atlantique;Montoir-De-Bretagne;44103;CAMEE;FR23249;industrial;PM10;5;22.0;µg/m3;horaire;2023-04-21 13:00:00;2023-04-21 14:00:00;True;-2.1273331951941428;47.32113812654744;312980.25164916983;6703771.212179752
Loire-Atlantique;Montoir-De-Bretagne;44103;CAMEE;FR23249;industrial;PM2.5;6001;16.0;µg/m3;horaire;2023-04-21 13:00:00;2023-04-21 14:00:00;True;-2.1273331951941428;47.32113812654744;312980.25164916983;6703771.212179752
Loire-Atlantique;Montoir-De-Bretagne;44103;CAMEE;FR23249;industrial;SO2;1;1.3;µg/m3;horaire;2023-04-21 13:00:00;2023-04-21 14:00:00;True;-2.1273331951941428;47.32113812654744;312980.25164916983;6703771.212179752
Loire-Atlantique;Nantes;44109;FRERES GONCOURT;FR23251;traffic;C6H5-C2H5;431;0.3;µg/m3;horaire;2023-04-21 13:00:00;2023-04-21 14:00:00;True;-1.564803;47.23354499998231;354828.5774908221;6691451.497810739
Loire-Atlantique;Nantes;44109;FRERES GONCOURT;FR23251;traffic;C6H5-CH3;21;1.8;µg/m3;horaire;2023-04-21 13:00:00;2023-04-21 14:00:00;True;-1.564803;47.23354499998231;354828.5774908221;6691451.497810739
Loire-Atlantique;Nantes;44109;FRERES GONCOURT;FR23251;traffic;C6H6;20;0.83;µg/m3;horaire;2023-04-21 13:00:00;2023-04-21 14:00:00;True;-1.564803;47.23354499998231;354828.5774908221;6691451.497810739
Loire-Atlantique;Nantes;44109;FRERES GONCOURT;FR23251;traffic;CO;10;0.25;mg/m3;horaire;2023-04-21 13:00:00;2023-04-21 14:00:00;True;-1.564803;47.23354499998231;354828.5774908221;6691451.497810739
Loire-Atlantique;Nantes;44109;FRERES GONCOURT;FR23251;traffic;m,p-C6H4(CH3)2;464;0.98;µg/m3;horaire;2023-04-21 13:00:00;2023-04-21 14:00:00;True;-1.564803;47.23354499998231;354828.5774908221;6691451.497810739
Loire-Atlantique;Nantes;44109;FRERES GONCOURT;FR23251;traffic;NO;38;26.0;µg/m3;horaire;2023-04-21 13:00:00;2023-04-21 14:00:00;True;-1.564803;47.23354499998231;354828.5774908221;6691451.497810739
Loire-Atlantique;Nantes;44109;FRERES GONCOURT;FR23251;traffic;NO2;8;27.0;µg/m3;horaire;2023-04-21 13:00:00;2023-04-21 14:00:00;True;-1.564803;47.23354499998231;354828.5774908221;6691451.497810739
Loire-Atlantique;Nantes;44109;FRERES GONCOURT;FR23251;traffic;NOx;9;67.0;µg/m3 eq NO2;horaire;2023-04-21 13:00:00;2023-04-21 14:00:00;True;-1.564803;47.23354499998231;354828.5774908221;6691451.497810739
Loire-Atlantique;Nantes;44109;FRERES GONCOURT;FR23251;traffic;o-C6H4-(CH3)2;482;0.37;µg/m3;horaire;2023-04-21 13:00:00;2023-04-21 14:00:00;True;-1.564803;47.23354499998231;354828.5774908221;6691451.497810739
Loire-Atlantique;Nantes;44109;FRERES GONCOURT;FR23251;traffic;PM10;5;25.0;µg/m3;horaire;2023-04-21 13:00:00;2023-04-21 14:00:00;True;-1.564803;47.23354499998231;354828.5774908221;6691451.497810739
Loire-Atlantique;Nantes;44109;FRERES GONCOURT;FR23251;traffic;PM2.5;6001;19.0;µg/m3;horaire;2023-04-21 13:00:00;2023-04-21 14:00:00;True;-1.564803;47.23354499998231;354828.5774908221;6691451.497810739
Loire-Atlantique;Donges;44052;AMPERE;FR23001;industrial;SO2;1;0.18;µg/m3;horaire;2023-04-21 12:00:00;2023-04-21 13:00:00;True;-2.0813729293078014;47.324243646620644;316466.7822100732;6703891.209852793
Loire-Atlantique;Donges;44052;LA MEGRETAIS;FR23003;industrial;NO2;8;4.7;µg/m3;horaire;2023-04-21 12:00:00;2023-04-21 13:00:00;True;-2.039245335998521;47.322705228858595;319631.26531024784;6703516.8929397985
Loire-Atlantique;Donges;44052;LA MEGRETAIS;FR23003;industrial;NO;38;0.28;µg/m3;horaire;2023-04-21 12:00:00;2023-04-21 13:00:00;True;-2.039245335998521;47.322705228858595;319631.26531024784;6703516.8929397985
Loire-Atlantique;Donges;44052;LA MEGRETAIS;FR23003;industrial;NOx;9;5.1;µg/m3 eq NO2;horaire;2023-04-21 12:00:00;2023-04-21 13:00:00;True;-2.039245335998521;47.322705228858595;319631.26531024784;6703516.8929397985
Loire-Atlantique;Donges;44052;LA MEGRETAIS;FR23003;industrial;PM10;5;28.0;µg/m3;horaire;2023-04-21 12:00:00;2023-04-21 13:00:00;True;-2.039245335998521;47.322705228858595;319631.26531024784;6703516.8929397985
Loire-Atlantique;Donges;44052;LA MEGRETAIS;FR23003;industrial;PM2.5;6001;20.0;µg/m3;horaire;2023-04-21 12:00:00;2023-04-21 13:00:00;True;-2.039245335998521;47.322705228858595;319631.26531024784;6703516.8929397985
Loire-Atlantique;Donges;44052;LA MEGRETAIS;FR23003;industrial;SO2;1;0.0;µg/m3;horaire;2023-04-21 12:00:00;2023-04-21 13:00:00;True;-2.039245335998521;47.322705228858595;319631.26531024784;6703516.8929397985
Loire-Atlantique;Donges;44052;PASTEUR;FR23004;industrial;H2S;11;0.3;µg/m3;horaire;2023-04-21 12:00:00;2023-04-21 13:00:00;True;-2.073374401966883;47.31740262661712;317020.8741071;6703094.040787983
Loire-Atlantique;Donges;44052;PASTEUR;FR23004;industrial;SO2;1;1.4;µg/m3;horaire;2023-04-21 12:00:00;2023-04-21 13:00:00;True;-2.073374401966883;47.31740262661712;317020.8741071;6703094.040787983
Loire-Atlantique;Frossay;44061;FROSSAY;FR23068;industrial;NO2;8;4.7;µg/m3;horaire;2023-04-21 12:00:00;2023-04-21 13:00:00;True;-1.9365235553956817;47.24735229625331;326851.68236097385;6694673.195316758
Loire-Atlantique;Frossay;44061;FROSSAY;FR23068;industrial;NO;38;0.3;µg/m3;horaire;2023-04-21 12:00:00;2023-04-21 13:00:00;True;-1.9365235553956817;47.24735229625331;326851.68236097385;6694673.195316758
Loire-Atlantique;Frossay;44061;FROSSAY;FR23068;industrial;NOx;9;5.1;µg/m3 eq NO2;horaire;2023-04-21 12:00:00;2023-04-21 13:00:00;True;-1.9365235553956817;47.24735229625331;326851.68236097385;6694673.195316758
Loire-Atlantique;Frossay;44061;FROSSAY;FR23068;industrial;PM10;5;27.0;µg/m3;horaire;2023-04-21 12:00:00;2023-04-21 13:00:00;True;-1.9365235553956817;47.24735229625331;326851.68236097385;6694673.195316758
Loire-Atlantique;Frossay;44061;FROSSAY;FR23068;industrial;SO2;1;0.0;µg/m3;horaire;2023-04-21 12:00:00;2023-04-21 13:00:00;True;-1.9365235553956817;47.24735229625331;326851.68236097385;6694673.195316758
Loire-Atlantique;Savenay;44195;SAVENAY;FR23069;industrial;SO2;1;0.0;µg/m3;horaire;2023-04-21 12:00:00;2023-04-21 13:00:00;True;-1.9535935295608815;47.36020691809557;326348.9822352358;6707265.42533564
Loire-Atlantique;Saint-Etienne-De-Montluc;44158;SAINT ETIENNE DE MONTLUC;FR23070;industrial;NO2;8;3.4;µg/m3;horaire;2023-04-21 12:00:00;2023-04-21 13:00:00;True;-1.7830812813449453;47.28312712300018;338676.42390903604;6697925.914501535
Loire-Atlantique;Saint-Etienne-De-Montluc;44158;SAINT ETIENNE DE MONTLUC;FR23070;industrial;NO;38;0.0;µg/m3;horaire;2023-04-21 12:00:00;2023-04-21 13:00:00;True;-1.7830812813449453;47.28312712300018;338676.42390903604;6697925.914501535
Loire-Atlantique;Saint-Etienne-De-Montluc;44158;SAINT ETIENNE DE MONTLUC;FR23070;industrial;NOx;9;3.2;µg/m3 eq NO2;horaire;2023-04-21 12:00:00;2023-04-21 13:00:00;True;-1.7830812813449453;47.28312712300018;338676.42390903604;6697925.914501535
Loire-Atlantique;Saint-Etienne-De-Montluc;44158;SAINT ETIENNE DE MONTLUC;FR23070;industrial;PM10;5;23.0;µg/m3;horaire;2023-04-21 12:00:00;2023-04-21 13:00:00;True;-1.7830812813449453;47.28312712300018;338676.42390903604;6697925.914501535
Loire-Atlantique;Saint-Etienne-De-Montluc;44158;SAINT ETIENNE DE MONTLUC;FR23070;industrial;PM2.5;6001;18.0;µg/m3;horaire;2023-04-21 12:00:00;2023-04-21 13:00:00;True;-1.7830812813449453;47.28312712300018;338676.42390903604;6697925.914501535
Loire-Atlantique;Saint-Etienne-De-Montluc;44158;SAINT ETIENNE DE MONTLUC;FR23070;industrial;SO2;1;1.2;µg/m3;horaire;2023-04-21 12:00:00;2023-04-21 13:00:00;True;-1.7830812813449453;47.28312712300018;338676.42390903604;6697925.914501535
Loire-Atlantique;Trignac;44210;JULES VERNE;FR23075;industrial;NO2;8;8.0;µg/m3;horaire;2023-04-21 12:00:00;2023-04-21 13:00:00;True;-2.1904076735030835;47.315645037165524;308186.02080619615;6703473.391126138
Loire-Atlantique;Trignac;44210;JULES VERNE;FR23075;industrial;NO;38;2.1;µg/m3;horaire;2023-04-21 12:00:00;2023-04-21 13:00:00;True;-2.1904076735030835;47.315645037165524;308186.02080619615;6703473.391126138
Loire-Atlantique;Trignac;44210;JULES VERNE;FR23075;industrial;NOx;9;11.0;µg/m3 eq NO2;horaire;2023-04-21 12:00:00;2023-04-21 13:00:00;True;-2.1904076735030835;47.315645037165524;308186.02080619615;6703473.391126138
Maine-et-Loire;Cholet;49099;SAINT EXUPERY;FR23078;background;NO2;8;5.4;µg/m3;horaire;2023-04-21 12:00:00;2023-04-21 13:00:00;True;-0.8835758137839181;47.055828646104125;405324.4925768649;6668979.670961294
Maine-et-Loire;Cholet;49099;SAINT EXUPERY;FR23078;background;NO;38;0.8;µg/m3;horaire;2023-04-21 12:00:00;2023-04-21 13:00:00;True;-0.8835758137839181;47.055828646104125;405324.4925768649;6668979.670961294
Maine-et-Loire;Cholet;49099;SAINT EXUPERY;FR23078;background;NOx;9;6.6;µg/m3 eq NO2;horaire;2023-04-21 12:00:00;2023-04-21 13:00:00;True;-0.8835758137839181;47.055828646104125;405324.4925768649;6668979.670961294
Maine-et-Loire;Cholet;49099;SAINT EXUPERY;FR23078;background;O3;7;99.0;µg/m3;horaire;2023-04-21 12:00:00;2023-04-21 13:00:00;True;-0.8835758137839181;47.055828646104125;405324.4925768649;6668979.670961294
Maine-et-Loire;Cholet;49099;SAINT EXUPERY;FR23078;background;PM10;5;17.0;µg/m3;horaire;2023-04-21 12:00:00;2023-04-21 13:00:00;True;-0.8835758137839181;47.055828646104125;405324.4925768649;6668979.670961294
Loire-Atlantique;Nantes;44109;LA CHAUVINIERE;FR23107;background;NO2;8;7.1;µg/m3;horaire;2023-04-21 12:00:00;2023-04-21 13:00:00;True;-1.5732745401793513;47.25291196744293;354313.2357701814;6693636.219563372
Loire-Atlantique;Nantes;44109;LA CHAUVINIERE;FR23107;background;NO;38;2.0;µg/m3;horaire;2023-04-21 12:00:00;2023-04-21 13:00:00;True;-1.5732745401793513;47.25291196744293;354313.2357701814;6693636.219563372
Loire-Atlantique;Nantes;44109;LA CHAUVINIERE;FR23107;background;NOx;9;10.0;µg/m3 eq NO2;horaire;2023-04-21 12:00:00;2023-04-21 13:00:00;True;-1.5732745401793513;47.25291196744293;354313.2357701814;6693636.219563372
Loire-Atlantique;Nantes;44109;LA CHAUVINIERE;FR23107;background;PM10;5;23.0;µg/m3;horaire;2023-04-21 12:00:00;2023-04-21 13:00:00;True;-1.5732745401793513;47.25291196744293;354313.2357701814;6693636.219563372
Loire-Atlantique;Nantes;44109;LA CHAUVINIERE;FR23107;background;PM2.5;6001;18.0;µg/m3;horaire;2023-04-21 12:00:00;2023-04-21 13:00:00;True;-1.5732745401793513;47.25291196744293;354313.2357701814;6693636.219563372
Loire-Atlantique;Saint-Nazaire;44184;LEON BLUM;FR23110;background;NO2;8;4.8;µg/m3;horaire;2023-04-21 12:00:00;2023-04-21 13:00:00;True;-2.2501538782724806;47.26411028437446;303302.1643903805;6698059.671526036
Loire-Atlantique;Saint-Nazaire;44184;LEON BLUM;FR23110;background;NO;38;0.83;µg/m3;horaire;2023-04-21 12:00:00;2023-04-21 13:00:00;True;-2.2501538782724806;47.26411028437446;303302.1643903805;6698059.671526036
Loire-Atlantique;Saint-Nazaire;44184;LEON BLUM;FR23110;background;NOx;9;6.0;µg/m3 eq NO2;horaire;2023-04-21 12:00:00;2023-04-21 13:00:00;True;-2.2501538782724806;47.26411028437446;303302.1643903805;6698059.671526036
Loire-Atlantique;Saint-Nazaire;44184;LEON BLUM;FR23110;background;O3;7;90.0;µg/m3;horaire;2023-04-21 12:00:00;2023-04-21 13:00:00;True;-2.2501538782724806;47.26411028437446;303302.1643903805;6698059.671526036
Loire-Atlantique;Saint-Nazaire;44184;LEON BLUM;FR23110;background;PM10;5;23.0;µg/m3;horaire;2023-04-21 12:00:00;2023-04-21 13:00:00;True;-2.2501538782724806;47.26411028437446;303302.1643903805;6698059.671526036
Loire-Atlantique;Saint-Nazaire;44184;LEON BLUM;FR23110;background;PM2.5;6001;14.0;µg/m3;horaire;2023-04-21 12:00:00;2023-04-21 13:00:00;True;-2.2501538782724806;47.26411028437446;303302.1643903805;6698059.671526036
Maine-et-Loire;Angers;49007;BEAUX ARTS;FR23120;background;NO2;8;5.1;µg/m3;horaire;2023-04-21 12:00:00;2023-04-21 13:00:00;True;-0.5559330038543386;47.46849236147444;432231.14920499554;6713600.72883131
Maine-et-Loire;Angers;49007;BEAUX ARTS;FR23120;background;NO;38;0.93;µg/m3;horaire;2023-04-21 12:00:00;2023-04-21 13:00:00;True;-0.5559330038543386;47.46849236147444;432231.14920499554;6713600.72883131
Maine-et-Loire;Angers;49007;BEAUX ARTS;FR23120;background;NOx;9;6.6;µg/m3 eq NO2;horaire;2023-04-21 12:00:00;2023-04-21 13:00:00;True;-0.5559330038543386;47.46849236147444;432231.14920499554;6713600.72883131
Maine-et-Loire;Angers;49007;BEAUX ARTS;FR23120;background;PM10;5;17.0;µg/m3;horaire;2023-04-21 12:00:00;2023-04-21 13:00:00;True;-0.5559330038543386;47.46849236147444;432231.14920499554;6713600.72883131
Maine-et-Loire;Angers;49007;BEAUX ARTS;FR23120;background;PM2.5;6001;14.0;µg/m3;horaire;2023-04-21 12:00:00;2023-04-21 13:00:00;True;-0.5559330038543386;47.46849236147444;432231.14920499554;6713600.72883131
Mayenne;Laval;53130;MAZAGRAN;FR23123;background;NO2;8;5.0;µg/m3;horaire;2023-04-21 12:00:00;2023-04-21 13:00:00;True;-0.7681529262800582;48.06936514490995;419447.0551375298;6781027.2411395665
Mayenne;Laval;53130;MAZAGRAN;FR23123;background;NO;38;0.65;µg/m3;horaire;2023-04-21 12:00:00;2023-04-21 13:00:00;True;-0.7681529262800582;48.06936514490995;419447.0551375298;6781027.2411395665
Mayenne;Laval;53130;MAZAGRAN;FR23123;background;NOx;9;6.0;µg/m3 eq NO2;horaire;2023-04-21 12:00:00;2023-04-21 13:00:00;True;-0.7681529262800582;48.06936514490995;419447.0551375298;6781027.2411395665
Mayenne;Laval;53130;MAZAGRAN;FR23123;background;O3;7;88.0;µg/m3;horaire;2023-04-21 12:00:00;2023-04-21 13:00:00;True;-0.7681529262800582;48.06936514490995;419447.0551375298;6781027.2411395665
Mayenne;Laval;53130;MAZAGRAN;FR23123;background;PM10;5;15.0;µg/m3;horaire;2023-04-21 12:00:00;2023-04-21 13:00:00;True;-0.7681529262800582;48.06936514490995;419447.0551375298;6781027.2411395665
Vendée;La Tardière;85289;LA TARDIERE;FR23124;background;NH3;35;4.8;µg/m3;horaire;2023-04-21 12:00:00;2023-04-21 13:00:00;True;-0.7433812921256286;46.65662489362803;413852.8420801177;6624178.2980740825
Vendée;La Tardière;85289;LA TARDIERE;FR23124;background;NO2;8;1.6;µg/m3;horaire;2023-04-21 12:00:00;2023-04-21 13:00:00;True;-0.7433812921256286;46.65662489362803;413852.8420801177;6624178.2980740825
Vendée;La Tardière;85289;LA TARDIERE;FR23124;background;NO;38;0.4;µg/m3;horaire;2023-04-21 12:00:00;2023-04-21 13:00:00;True;-0.7433812921256286;46.65662489362803;413852.8420801177;6624178.2980740825
Vendée;La Tardière;85289;LA TARDIERE;FR23124;background;NOx;9;2.1;µg/m3 eq NO2;horaire;2023-04-21 12:00:00;2023-04-21 13:00:00;True;-0.7433812921256286;46.65662489362803;413852.8420801177;6624178.2980740825
Vendée;La Tardière;85289;LA TARDIERE;FR23124;background;O3;7;92.0;µg/m3;horaire;2023-04-21 12:00:00;2023-04-21 13:00:00;True;-0.7433812921256286;46.65662489362803;413852.8420801177;6624178.2980740825
Vendée;La Tardière;85289;LA TARDIERE;FR23124;background;PM10;5;;µg/m3;horaire;2023-04-21 12:00:00;2023-04-21 13:00:00;False;-0.7433812921256286;46.65662489362803;413852.8420801177;6624178.2980740825
Vendée;La Tardière;85289;LA TARDIERE;FR23124;background;PM10;5;15.0;µg/m3;horaire;2023-04-21 12:00:00;2023-04-21 13:00:00;True;-0.7433812921256286;46.65662489362803;413852.8420801177;6624178.2980740825
Vendée;La Tardière;85289;LA TARDIERE;FR23124;background;PM2.5;6001;;µg/m3;horaire;2023-04-21 12:00:00;2023-04-21 13:00:00;False;-0.7433812921256286;46.65662489362803;413852.8420801177;6624178.2980740825
Loire-Atlantique;Paimbœuf;44116;CUTULLIC2;FR23149;industrial;SO2;1;1.7;µg/m3;horaire;2023-04-21 12:00:00;2023-04-21 13:00:00;True;-2.0324417113714177;47.28616795300179;319885.62629199366;6699433.757790069
Maine-et-Loire;Angers;49007;APPENTIS;FR23150;background;NO2;8;5.7;µg/m3;horaire;2023-04-21 12:00:00;2023-04-21 13:00:00;True;-0.5501000222079123;47.447336007801624;432564.4583844049;6711233.097282906
Maine-et-Loire;Angers;49007;APPENTIS;FR23150;background;NO;38;1.1;µg/m3;horaire;2023-04-21 12:00:00;2023-04-21 13:00:00;True;-0.5501000222079123;47.447336007801624;432564.4583844049;6711233.097282906
Maine-et-Loire;Angers;49007;APPENTIS;FR23150;background;NOx;9;7.4;µg/m3 eq NO2;horaire;2023-04-21 12:00:00;2023-04-21 13:00:00;True;-0.5501000222079123;47.447336007801624;432564.4583844049;6711233.097282906
Maine-et-Loire;Angers;49007;APPENTIS;FR23150;background;O3;7;93.0;µg/m3;horaire;2023-04-21 12:00:00;2023-04-21 13:00:00;True;-0.5501000222079123;47.447336007801624;432564.4583844049;6711233.097282906
Vendée;La Roche-Sur-Yon;85191;DELACROIX;FR23152;background;NO2;8;4.5;µg/m3;horaire;2023-04-21 12:00:00;2023-04-21 13:00:00;True;-1.4368610961896655;46.66064836113053;360919.2021133019;6627370.063373093
Vendée;La Roche-Sur-Yon;85191;DELACROIX;FR23152;background;NO;38;0.75;µg/m3;horaire;2023-04-21 12:00:00;2023-04-21 13:00:00;True;-1.4368610961896655;46.66064836113053;360919.2021133019;6627370.063373093
Vendée;La Roche-Sur-Yon;85191;DELACROIX;FR23152;background;NOx;9;5.6;µg/m3 eq NO2;horaire;2023-04-21 12:00:00;2023-04-21 13:00:00;True;-1.4368610961896655;46.66064836113053;360919.2021133019;6627370.063373093
Vendée;La Roche-Sur-Yon;85191;DELACROIX;FR23152;background;O3;7;95.0;µg/m3;horaire;2023-04-21 12:00:00;2023-04-21 13:00:00;True;-1.4368610961896655;46.66064836113053;360919.2021133019;6627370.063373093
Vendée;La Roche-Sur-Yon;85191;DELACROIX;FR23152;background;PM10;5;18.0;µg/m3;horaire;2023-04-21 12:00:00;2023-04-21 13:00:00;True;-1.4368610961896655;46.66064836113053;360919.2021133019;6627370.063373093
Vendée;La Roche-Sur-Yon;85191;DELACROIX;FR23152;background;PM2.5;6001;12.0;µg/m3;horaire;2023-04-21 12:00:00;2023-04-21 13:00:00;True;-1.4368610961896655;46.66064836113053;360919.2021133019;6627370.063373093
Loire-Atlantique;Bouaye;44018;EPINETTES;FR23157;background;O3;7;96.0;µg/m3;horaire;2023-04-21 12:00:00;2023-04-21 13:00:00;True;-1.6902690000000005;47.14608799999988;344775.68549371266;6682310.180873801
Sarthe;Spay;72344;FILLE;FR23163;background;O3;7;93.0;µg/m3;horaire;2023-04-21 12:00:00;2023-04-21 13:00:00;True;0.1518948064395943;47.92192248604607;487322.6743667995;6761783.716825325
Sarthe;Le Mans;72181;GUEDOU;FR23174;background;NO2;8;5.4;µg/m3;horaire;2023-04-21 12:00:00;2023-04-21 13:00:00;True;0.19605011554765286;47.98894827304624;490882.9153232856;6769108.857118812
Sarthe;Le Mans;72181;GUEDOU;FR23174;background;NO;38;1.2;µg/m3;horaire;2023-04-21 12:00:00;2023-04-21 13:00:00;True;0.19605011554765286;47.98894827304624;490882.9153232856;6769108.857118812
Sarthe;Le Mans;72181;GUEDOU;FR23174;background;NOx;9;7.3;µg/m3 eq NO2;horaire;2023-04-21 12:00:00;2023-04-21 13:00:00;True;0.19605011554765286;47.98894827304624;490882.9153232856;6769108.857118812
Maine-et-Loire;Bouchemaine;49035;CLOS DES BEAUVAIS;FR23175;background;O3;7;93.0;µg/m3;horaire;2023-04-21 12:00:00;2023-04-21 13:00:00;True;-0.6100060021346906;47.43011900354789;427967.33949541056;6709527.093695923
Mayenne;Saint-Denis-D'Anjou;53210;SAINT DENIS D'ANJOU;FR23177;background;NO;38;0.55;µg/m3;horaire;2023-04-21 12:00:00;2023-04-21 13:00:00;True;-0.4447696525665919;47.7883321330413;442146.2573931599;6748729.6000822345
Mayenne;Saint-Denis-D'Anjou;53210;SAINT DENIS D'ANJOU;FR23177;background;NO2;8;4.9;µg/m3;horaire;2023-04-21 12:00:00;2023-04-21 13:00:00;True;-0.4447696525665919;47.7883321330413;442146.2573931599;6748729.6000822345
Mayenne;Saint-Denis-D'Anjou;53210;SAINT DENIS D'ANJOU;FR23177;background;NOx;9;5.8;µg/m3 eq NO2;horaire;2023-04-21 12:00:00;2023-04-21 13:00:00;True;-0.4447696525665919;47.7883321330413;442146.2573931599;6748729.6000822345
Mayenne;Saint-Denis-D'Anjou;53210;SAINT DENIS D'ANJOU;FR23177;background;O3;7;92.0;µg/m3;horaire;2023-04-21 12:00:00;2023-04-21 13:00:00;True;-0.4447696525665919;47.7883321330413;442146.2573931599;6748729.6000822345
Mayenne;Saint-Denis-D'Anjou;53210;SAINT DENIS D'ANJOU;FR23177;background;PM10;5;17.0;µg/m3;horaire;2023-04-21 12:00:00;2023-04-21 13:00:00;True;-0.4447696525665919;47.7883321330413;442146.2573931599;6748729.6000822345
Loire-Atlantique;Donges;44052;PARSCAU DU PLESSIS;FR23178;industrial;NO;38;0.38;µg/m3;horaire;2023-04-21 12:00:00;2023-04-21 13:00:00;True;-2.06687664431583;47.318896029650766;317521.3409009125;6703228.095208768
Loire-Atlantique;Donges;44052;PARSCAU DU PLESSIS;FR23178;industrial;NO2;8;4.8;µg/m3;horaire;2023-04-21 12:00:00;2023-04-21 13:00:00;True;-2.06687664431583;47.318896029650766;317521.3409009125;6703228.095208768
Loire-Atlantique;Donges;44052;PARSCAU DU PLESSIS;FR23178;industrial;NOx;9;5.3;µg/m3 eq NO2;horaire;2023-04-21 12:00:00;2023-04-21 13:00:00;True;-2.06687664431583;47.318896029650766;317521.3409009125;6703228.095208768
Loire-Atlantique;Donges;44052;PARSCAU DU PLESSIS;FR23178;industrial;PM10;5;25.0;µg/m3;horaire;2023-04-21 12:00:00;2023-04-21 13:00:00;True;-2.06687664431583;47.318896029650766;317521.3409009125;6703228.095208768
Loire-Atlantique;Donges;44052;PARSCAU DU PLESSIS;FR23178;industrial;PM2.5;6001;19.0;µg/m3;horaire;2023-04-21 12:00:00;2023-04-21 13:00:00;True;-2.06687664431583;47.318896029650766;317521.3409009125;6703228.095208768
Loire-Atlantique;Donges;44052;PARSCAU DU PLESSIS;FR23178;industrial;SO2;1;0.0;µg/m3;horaire;2023-04-21 12:00:00;2023-04-21 13:00:00;True;-2.06687664431583;47.318896029650766;317521.3409009125;6703228.095208768
Loire-Atlantique;Saint-Nazaire;44184;PARC PAYSAGER;FR23181;background;NO;38;1.1;µg/m3;horaire;2023-04-21 12:00:00;2023-04-21 13:00:00;True;-2.2231753057476937;47.273129394194775;305403.8853541548;6698924.134703943
Loire-Atlantique;Saint-Nazaire;44184;PARC PAYSAGER;FR23181;background;NO2;8;7.3;µg/m3;horaire;2023-04-21 12:00:00;2023-04-21 13:00:00;True;-2.2231753057476937;47.273129394194775;305403.8853541548;6698924.134703943
Loire-Atlantique;Saint-Nazaire;44184;PARC PAYSAGER;FR23181;background;NOx;9;8.9;µg/m3 eq NO2;horaire;2023-04-21 12:00:00;2023-04-21 13:00:00;True;-2.2231753057476937;47.273129394194775;305403.8853541548;6698924.134703943
Loire-Atlantique;Saint-Nazaire;44184;PARC PAYSAGER;FR23181;background;SO2;1;0.9;µg/m3;horaire;2023-04-21 12:00:00;2023-04-21 13:00:00;True;-2.2231753057476937;47.273129394194775;305403.8853541548;6698924.134703943
Sarthe;Le Mans;72181;SOURCES;FR23182;background;NO2;8;3.6;µg/m3;horaire;2023-04-21 12:00:00;2023-04-21 13:00:00;True;0.2213390216306751;47.971141853614576;492698.55226572393;6767064.748575544
Sarthe;Le Mans;72181;SOURCES;FR23182;background;NO;38;1.3;µg/m3;horaire;2023-04-21 12:00:00;2023-04-21 13:00:00;True;0.2213390216306751;47.971141853614576;492698.55226572393;6767064.748575544
Sarthe;Le Mans;72181;SOURCES;FR23182;background;NOx;9;5.6;µg/m3 eq NO2;horaire;2023-04-21 12:00:00;2023-04-21 13:00:00;True;0.2213390216306751;47.971141853614576;492698.55226572393;6767064.748575544
Sarthe;Le Mans;72181;SOURCES;FR23182;background;O3;7;102.0;µg/m3;horaire;2023-04-21 12:00:00;2023-04-21 13:00:00;True;0.2213390216306751;47.971141853614576;492698.55226572393;6767064.748575544
Sarthe;Le Mans;72181;SOURCES;FR23182;background;PM10;5;15.0;µg/m3;horaire;2023-04-21 12:00:00;2023-04-21 13:00:00;True;0.2213390216306751;47.971141853614576;492698.55226572393;6767064.748575544
Sarthe;Le Mans;72181;SOURCES;FR23182;background;PM2.5;6001;13.0;µg/m3;horaire;2023-04-21 12:00:00;2023-04-21 13:00:00;True;0.2213390216306751;47.971141853614576;492698.55226572393;6767064.748575544
Loire-Atlantique;Nantes;44109;CIM BOUTEILLERIE;FR23188;background;BCwb;;18.0;%;horaire;2023-04-21 12:00:00;2023-04-21 13:00:00;True;-1.5374268258113177;47.22217589146574;356823.8361417605;6690071.409167136
Loire-Atlantique;Nantes;44109;CIM BOUTEILLERIE;FR23188;background;Hg;;0.3;ng/m3;horaire;2023-04-21 12:00:00;2023-04-21 13:00:00;True;-1.5374268258113177;47.22217589146574;356823.8361417605;6690071.409167136
Loire-Atlantique;Nantes;44109;CIM BOUTEILLERIE;FR23188;background;NO2;8;6.1;µg/m3;horaire;2023-04-21 12:00:00;2023-04-21 13:00:00;True;-1.5374268258113177;47.22217589146574;356823.8361417605;6690071.409167136
Loire-Atlantique;Nantes;44109;CIM BOUTEILLERIE;FR23188;background;NO;38;1.1;µg/m3;horaire;2023-04-21 12:00:00;2023-04-21 13:00:00;True;-1.5374268258113177;47.22217589146574;356823.8361417605;6690071.409167136
Loire-Atlantique;Nantes;44109;CIM BOUTEILLERIE;FR23188;background;NOx;9;7.8;µg/m3 eq NO2;horaire;2023-04-21 12:00:00;2023-04-21 13:00:00;True;-1.5374268258113177;47.22217589146574;356823.8361417605;6690071.409167136
Loire-Atlantique;Nantes;44109;CIM BOUTEILLERIE;FR23188;background;O3;7;90.0;µg/m3;horaire;2023-04-21 12:00:00;2023-04-21 13:00:00;True;-1.5374268258113177;47.22217589146574;356823.8361417605;6690071.409167136
Loire-Atlantique;Nantes;44109;CIM BOUTEILLERIE;FR23188;background;PM10;5;24.0;µg/m3;horaire;2023-04-21 12:00:00;2023-04-21 13:00:00;True;-1.5374268258113177;47.22217589146574;356823.8361417605;6690071.409167136
Loire-Atlantique;Nantes;44109;CIM BOUTEILLERIE;FR23188;background;PM2.5;6001;18.0;µg/m3;horaire;2023-04-21 12:00:00;2023-04-21 13:00:00;True;-1.5374268258113177;47.22217589146574;356823.8361417605;6690071.409167136
Loire-Atlantique;Nantes;44109;CIM BOUTEILLERIE;FR23188;background;PUF;;3265.0;P/cm3;horaire;2023-04-21 12:00:00;2023-04-21 13:00:00;True;-1.5374268258113177;47.22217589146574;356823.8361417605;6690071.409167136
Loire-Atlantique;Pornichet;44132;GASPARD;FR23230;background;O3;7;90.0;µg/m3;horaire;2023-04-21 12:00:00;2023-04-21 13:00:00;True;-2.3320669999999977;47.253055999964715;297039.3525861991;6697249.291127122
Loire-Atlantique;Rezé;44143;TRENTEMOULT;FR23238;specific;PM10;5;25.0;µg/m3;horaire;2023-04-21 12:00:00;2023-04-21 13:00:00;True;-1.5816779999999988;47.194146999964396;353300.20766508416;6687156.526597275
Loire-Atlantique;Rezé;44143;TRENTEMOULT;FR23238;specific;PM2.5;6001;17.0;µg/m3;horaire;2023-04-21 12:00:00;2023-04-21 13:00:00;True;-1.5816779999999988;47.194146999964396;353300.20766508416;6687156.526597275
Loire-Atlantique;Bouguenais;44020;LES COUETS;FR23239;industrial;NO2;8;9.2;µg/m3;horaire;2023-04-21 12:00:00;2023-04-21 13:00:00;True;-1.591496999999999;47.18591899996436;352504.9179813179;6686287.290819376
Loire-Atlantique;Bouguenais;44020;LES COUETS;FR23239;industrial;NO;38;2.1;µg/m3;horaire;2023-04-21 12:00:00;2023-04-21 13:00:00;True;-1.591496999999999;47.18591899996436;352504.9179813179;6686287.290819376
Loire-Atlantique;Bouguenais;44020;LES COUETS;FR23239;industrial;NOx;9;12.0;µg/m3 eq NO2;horaire;2023-04-21 12:00:00;2023-04-21 13:00:00;True;-1.591496999999999;47.18591899996436;352504.9179813179;6686287.290819376
Loire-Atlantique;Bouguenais;44020;LES COUETS;FR23239;industrial;PM10;5;18.0;µg/m3;horaire;2023-04-21 12:00:00;2023-04-21 13:00:00;True;-1.591496999999999;47.18591899996436;352504.9179813179;6686287.290819376
Loire-Atlantique;Bouguenais;44020;LES COUETS;FR23239;industrial;PM2.5;6001;15.0;µg/m3;horaire;2023-04-21 12:00:00;2023-04-21 13:00:00;True;-1.591496999999999;47.18591899996436;352504.9179813179;6686287.290819376
Maine-et-Loire;Angers;49007;ROI RENE;FR23242;traffic;NO;38;12.0;µg/m3;horaire;2023-04-21 12:00:00;2023-04-21 13:00:00;True;-0.5546410000000003;47.46693799998293;432320.60333853256;6713423.849690912
Maine-et-Loire;Angers;49007;ROI RENE;FR23242;traffic;NO2;8;25.0;µg/m3;horaire;2023-04-21 12:00:00;2023-04-21 13:00:00;True;-0.5546410000000003;47.46693799998293;432320.60333853256;6713423.849690912
Maine-et-Loire;Angers;49007;ROI RENE;FR23242;traffic;NOx;9;43.0;µg/m3 eq NO2;horaire;2023-04-21 12:00:00;2023-04-21 13:00:00;True;-0.5546410000000003;47.46693799998293;432320.60333853256;6713423.849690912
Maine-et-Loire;Angers;49007;ROI RENE;FR23242;traffic;PM10;5;17.0;µg/m3;horaire;2023-04-21 12:00:00;2023-04-21 13:00:00;True;-0.5546410000000003;47.46693799998293;432320.60333853256;6713423.849690912
Loire-Atlantique;Montoir-De-Bretagne;44103;CAMEE;FR23249;industrial;NO2;8;4.5;µg/m3;horaire;2023-04-21 12:00:00;2023-04-21 13:00:00;True;-2.1273331951941428;47.32113812654744;312980.25164916983;6703771.212179752
Loire-Atlantique;Montoir-De-Bretagne;44103;CAMEE;FR23249;industrial;NO;38;0.43;µg/m3;horaire;2023-04-21 12:00:00;2023-04-21 13:00:00;True;-2.1273331951941428;47.32113812654744;312980.25164916983;6703771.212179752
Loire-Atlantique;Montoir-De-Bretagne;44103;CAMEE;FR23249;industrial;NOx;9;5.1;µg/m3 eq NO2;horaire;2023-04-21 12:00:00;2023-04-21 13:00:00;True;-2.1273331951941428;47.32113812654744;312980.25164916983;6703771.212179752
Loire-Atlantique;Montoir-De-Bretagne;44103;CAMEE;FR23249;industrial;PM10;5;24.0;µg/m3;horaire;2023-04-21 12:00:00;2023-04-21 13:00:00;True;-2.1273331951941428;47.32113812654744;312980.25164916983;6703771.212179752
Loire-Atlantique;Montoir-De-Bretagne;44103;CAMEE;FR23249;industrial;PM2.5;6001;18.0;µg/m3;horaire;2023-04-21 12:00:00;2023-04-21 13:00:00;True;-2.1273331951941428;47.32113812654744;312980.25164916983;6703771.212179752
Loire-Atlantique;Montoir-De-Bretagne;44103;CAMEE;FR23249;industrial;SO2;1;1.1;µg/m3;horaire;2023-04-21 12:00:00;2023-04-21 13:00:00;True;-2.1273331951941428;47.32113812654744;312980.25164916983;6703771.212179752
Loire-Atlantique;Nantes;44109;FRERES GONCOURT;FR23251;traffic;C6H5-C2H5;431;0.26;µg/m3;horaire;2023-04-21 12:00:00;2023-04-21 13:00:00;True;-1.564803;47.23354499998231;354828.5774908221;6691451.497810739
Loire-Atlantique;Nantes;44109;FRERES GONCOURT;FR23251;traffic;C6H5-CH3;21;1.7;µg/m3;horaire;2023-04-21 12:00:00;2023-04-21 13:00:00;True;-1.564803;47.23354499998231;354828.5774908221;6691451.497810739
Loire-Atlantique;Nantes;44109;FRERES GONCOURT;FR23251;traffic;C6H6;20;0.64;µg/m3;horaire;2023-04-21 12:00:00;2023-04-21 13:00:00;True;-1.564803;47.23354499998231;354828.5774908221;6691451.497810739
Loire-Atlantique;Nantes;44109;FRERES GONCOURT;FR23251;traffic;CO;10;0.19;mg/m3;horaire;2023-04-21 12:00:00;2023-04-21 13:00:00;True;-1.564803;47.23354499998231;354828.5774908221;6691451.497810739
Loire-Atlantique;Nantes;44109;FRERES GONCOURT;FR23251;traffic;m,p-C6H4(CH3)2;464;0.91;µg/m3;horaire;2023-04-21 12:00:00;2023-04-21 13:00:00;True;-1.564803;47.23354499998231;354828.5774908221;6691451.497810739
Loire-Atlantique;Nantes;44109;FRERES GONCOURT;FR23251;traffic;NO;38;24.0;µg/m3;horaire;2023-04-21 12:00:00;2023-04-21 13:00:00;True;-1.564803;47.23354499998231;354828.5774908221;6691451.497810739
Loire-Atlantique;Nantes;44109;FRERES GONCOURT;FR23251;traffic;NO2;8;35.0;µg/m3;horaire;2023-04-21 12:00:00;2023-04-21 13:00:00;True;-1.564803;47.23354499998231;354828.5774908221;6691451.497810739
Loire-Atlantique;Nantes;44109;FRERES GONCOURT;FR23251;traffic;NOx;9;71.0;µg/m3 eq NO2;horaire;2023-04-21 12:00:00;2023-04-21 13:00:00;True;-1.564803;47.23354499998231;354828.5774908221;6691451.497810739
Loire-Atlantique;Nantes;44109;FRERES GONCOURT;FR23251;traffic;o-C6H4-(CH3)2;482;0.35;µg/m3;horaire;2023-04-21 12:00:00;2023-04-21 13:00:00;True;-1.564803;47.23354499998231;354828.5774908221;6691451.497810739
Loire-Atlantique;Nantes;44109;FRERES GONCOURT;FR23251;traffic;PM10;5;28.0;µg/m3;horaire;2023-04-21 12:00:00;2023-04-21 13:00:00;True;-1.564803;47.23354499998231;354828.5774908221;6691451.497810739
Loire-Atlantique;Nantes;44109;FRERES GONCOURT;FR23251;traffic;PM2.5;6001;18.0;µg/m3;horaire;2023-04-21 12:00:00;2023-04-21 13:00:00;True;-1.564803;47.23354499998231;354828.5774908221;6691451.497810739
Loire-Atlantique;Donges;44052;AMPERE;FR23001;industrial;SO2;1;0.2;µg/m3;horaire;2023-04-21 11:00:00;2023-04-21 12:00:00;True;-2.0813729293078014;47.324243646620644;316466.7822100732;6703891.209852793
Loire-Atlantique;Donges;44052;LA MEGRETAIS;FR23003;industrial;NO2;8;5.3;µg/m3;horaire;2023-04-21 11:00:00;2023-04-21 12:00:00;True;-2.039245335998521;47.322705228858595;319631.26531024784;6703516.8929397985
Loire-Atlantique;Donges;44052;LA MEGRETAIS;FR23003;industrial;NO;38;0.35;µg/m3;horaire;2023-04-21 11:00:00;2023-04-21 12:00:00;True;-2.039245335998521;47.322705228858595;319631.26531024784;6703516.8929397985
Loire-Atlantique;Donges;44052;LA MEGRETAIS;FR23003;industrial;NOx;9;5.8;µg/m3 eq NO2;horaire;2023-04-21 11:00:00;2023-04-21 12:00:00;True;-2.039245335998521;47.322705228858595;319631.26531024784;6703516.8929397985
Loire-Atlantique;Donges;44052;LA MEGRETAIS;FR23003;industrial;PM10;5;30.0;µg/m3;horaire;2023-04-21 11:00:00;2023-04-21 12:00:00;True;-2.039245335998521;47.322705228858595;319631.26531024784;6703516.8929397985
Loire-Atlantique;Donges;44052;LA MEGRETAIS;FR23003;industrial;PM2.5;6001;20.0;µg/m3;horaire;2023-04-21 11:00:00;2023-04-21 12:00:00;True;-2.039245335998521;47.322705228858595;319631.26531024784;6703516.8929397985
Loire-Atlantique;Donges;44052;LA MEGRETAIS;FR23003;industrial;SO2;1;0.05;µg/m3;horaire;2023-04-21 11:00:00;2023-04-21 12:00:00;True;-2.039245335998521;47.322705228858595;319631.26531024784;6703516.8929397985
Loire-Atlantique;Donges;44052;PASTEUR;FR23004;industrial;H2S;11;0.4;µg/m3;horaire;2023-04-21 11:00:00;2023-04-21 12:00:00;True;-2.073374401966883;47.31740262661712;317020.8741071;6703094.040787983
Loire-Atlantique;Donges;44052;PASTEUR;FR23004;industrial;SO2;1;0.55;µg/m3;horaire;2023-04-21 11:00:00;2023-04-21 12:00:00;True;-2.073374401966883;47.31740262661712;317020.8741071;6703094.040787983
Loire-Atlantique;Frossay;44061;FROSSAY;FR23068;industrial;NO2;8;4.7;µg/m3;horaire;2023-04-21 11:00:00;2023-04-21 12:00:00;True;-1.9365235553956817;47.24735229625331;326851.68236097385;6694673.195316758
Loire-Atlantique;Frossay;44061;FROSSAY;FR23068;industrial;NO;38;0.23;µg/m3;horaire;2023-04-21 11:00:00;2023-04-21 12:00:00;True;-1.9365235553956817;47.24735229625331;326851.68236097385;6694673.195316758
Loire-Atlantique;Frossay;44061;FROSSAY;FR23068;industrial;NOx;9;5.0;µg/m3 eq NO2;horaire;2023-04-21 11:00:00;2023-04-21 12:00:00;True;-1.9365235553956817;47.24735229625331;326851.68236097385;6694673.195316758
Loire-Atlantique;Frossay;44061;FROSSAY;FR23068;industrial;PM10;5;25.0;µg/m3;horaire;2023-04-21 11:00:00;2023-04-21 12:00:00;True;-1.9365235553956817;47.24735229625331;326851.68236097385;6694673.195316758
Loire-Atlantique;Frossay;44061;FROSSAY;FR23068;industrial;SO2;1;0.1;µg/m3;horaire;2023-04-21 11:00:00;2023-04-21 12:00:00;True;-1.9365235553956817;47.24735229625331;326851.68236097385;6694673.195316758
Loire-Atlantique;Savenay;44195;SAVENAY;FR23069;industrial;SO2;1;0.0;µg/m3;horaire;2023-04-21 11:00:00;2023-04-21 12:00:00;True;-1.9535935295608815;47.36020691809557;326348.9822352358;6707265.42533564
Loire-Atlantique;Saint-Etienne-De-Montluc;44158;SAINT ETIENNE DE MONTLUC;FR23070;industrial;NO2;8;3.1;µg/m3;horaire;2023-04-21 11:00:00;2023-04-21 12:00:00;True;-1.7830812813449453;47.28312712300018;338676.42390903604;6697925.914501535
Loire-Atlantique;Saint-Etienne-De-Montluc;44158;SAINT ETIENNE DE MONTLUC;FR23070;industrial;NO;38;0.025;µg/m3;horaire;2023-04-21 11:00:00;2023-04-21 12:00:00;True;-1.7830812813449453;47.28312712300018;338676.42390903604;6697925.914501535
Loire-Atlantique;Saint-Etienne-De-Montluc;44158;SAINT ETIENNE DE MONTLUC;FR23070;industrial;NOx;9;3.2;µg/m3 eq NO2;horaire;2023-04-21 11:00:00;2023-04-21 12:00:00;True;-1.7830812813449453;47.28312712300018;338676.42390903604;6697925.914501535
Loire-Atlantique;Saint-Etienne-De-Montluc;44158;SAINT ETIENNE DE MONTLUC;FR23070;industrial;PM10;5;24.0;µg/m3;horaire;2023-04-21 11:00:00;2023-04-21 12:00:00;True;-1.7830812813449453;47.28312712300018;338676.42390903604;6697925.914501535
Loire-Atlantique;Saint-Etienne-De-Montluc;44158;SAINT ETIENNE DE MONTLUC;FR23070;industrial;PM2.5;6001;19.0;µg/m3;horaire;2023-04-21 11:00:00;2023-04-21 12:00:00;True;-1.7830812813449453;47.28312712300018;338676.42390903604;6697925.914501535
Loire-Atlantique;Saint-Etienne-De-Montluc;44158;SAINT ETIENNE DE MONTLUC;FR23070;industrial;SO2;1;0.98;µg/m3;horaire;2023-04-21 11:00:00;2023-04-21 12:00:00;True;-1.7830812813449453;47.28312712300018;338676.42390903604;6697925.914501535
Loire-Atlantique;Trignac;44210;JULES VERNE;FR23075;industrial;NO2;8;7.2;µg/m3;horaire;2023-04-21 11:00:00;2023-04-21 12:00:00;True;-2.1904076735030835;47.315645037165524;308186.02080619615;6703473.391126138
Loire-Atlantique;Trignac;44210;JULES VERNE;FR23075;industrial;NO;38;1.9;µg/m3;horaire;2023-04-21 11:00:00;2023-04-21 12:00:00;True;-2.1904076735030835;47.315645037165524;308186.02080619615;6703473.391126138
Loire-Atlantique;Trignac;44210;JULES VERNE;FR23075;industrial;NOx;9;10.0;µg/m3 eq NO2;horaire;2023-04-21 11:00:00;2023-04-21 12:00:00;True;-2.1904076735030835;47.315645037165524;308186.02080619615;6703473.391126138
Maine-et-Loire;Cholet;49099;SAINT EXUPERY;FR23078;background;NO2;8;5.5;µg/m3;horaire;2023-04-21 11:00:00;2023-04-21 12:00:00;True;-0.8835758137839181;47.055828646104125;405324.4925768649;6668979.670961294
Maine-et-Loire;Cholet;49099;SAINT EXUPERY;FR23078;background;NO;38;1.2;µg/m3;horaire;2023-04-21 11:00:00;2023-04-21 12:00:00;True;-0.8835758137839181;47.055828646104125;405324.4925768649;6668979.670961294
Maine-et-Loire;Cholet;49099;SAINT EXUPERY;FR23078;background;NOx;9;7.1;µg/m3 eq NO2;horaire;2023-04-21 11:00:00;2023-04-21 12:00:00;True;-0.8835758137839181;47.055828646104125;405324.4925768649;6668979.670961294
Maine-et-Loire;Cholet;49099;SAINT EXUPERY;FR23078;background;O3;7;97.0;µg/m3;horaire;2023-04-21 11:00:00;2023-04-21 12:00:00;True;-0.8835758137839181;47.055828646104125;405324.4925768649;6668979.670961294
Maine-et-Loire;Cholet;49099;SAINT EXUPERY;FR23078;background;PM10;5;22.0;µg/m3;horaire;2023-04-21 11:00:00;2023-04-21 12:00:00;True;-0.8835758137839181;47.055828646104125;405324.4925768649;6668979.670961294
Loire-Atlantique;Nantes;44109;LA CHAUVINIERE;FR23107;background;NO2;8;5.6;µg/m3;horaire;2023-04-21 11:00:00;2023-04-21 12:00:00;True;-1.5732745401793513;47.25291196744293;354313.2357701814;6693636.219563372
Loire-Atlantique;Nantes;44109;LA CHAUVINIERE;FR23107;background;NO;38;0.95;µg/m3;horaire;2023-04-21 11:00:00;2023-04-21 12:00:00;True;-1.5732745401793513;47.25291196744293;354313.2357701814;6693636.219563372
Loire-Atlantique;Nantes;44109;LA CHAUVINIERE;FR23107;background;NOx;9;7.1;µg/m3 eq NO2;horaire;2023-04-21 11:00:00;2023-04-21 12:00:00;True;-1.5732745401793513;47.25291196744293;354313.2357701814;6693636.219563372
Loire-Atlantique;Nantes;44109;LA CHAUVINIERE;FR23107;background;PM10;5;24.0;µg/m3;horaire;2023-04-21 11:00:00;2023-04-21 12:00:00;True;-1.5732745401793513;47.25291196744293;354313.2357701814;6693636.219563372
Loire-Atlantique;Nantes;44109;LA CHAUVINIERE;FR23107;background;PM2.5;6001;19.0;µg/m3;horaire;2023-04-21 11:00:00;2023-04-21 12:00:00;True;-1.5732745401793513;47.25291196744293;354313.2357701814;6693636.219563372
Loire-Atlantique;Saint-Nazaire;44184;LEON BLUM;FR23110;background;NO2;8;4.6;µg/m3;horaire;2023-04-21 11:00:00;2023-04-21 12:00:00;True;-2.2501538782724806;47.26411028437446;303302.1643903805;6698059.671526036
Loire-Atlantique;Saint-Nazaire;44184;LEON BLUM;FR23110;background;NO;38;0.9;µg/m3;horaire;2023-04-21 11:00:00;2023-04-21 12:00:00;True;-2.2501538782724806;47.26411028437446;303302.1643903805;6698059.671526036
Loire-Atlantique;Saint-Nazaire;44184;LEON BLUM;FR23110;background;NOx;9;6.0;µg/m3 eq NO2;horaire;2023-04-21 11:00:00;2023-04-21 12:00:00;True;-2.2501538782724806;47.26411028437446;303302.1643903805;6698059.671526036
Loire-Atlantique;Saint-Nazaire;44184;LEON BLUM;FR23110;background;O3;7;83.0;µg/m3;horaire;2023-04-21 11:00:00;2023-04-21 12:00:00;True;-2.2501538782724806;47.26411028437446;303302.1643903805;6698059.671526036
Loire-Atlantique;Saint-Nazaire;44184;LEON BLUM;FR23110;background;PM10;5;26.0;µg/m3;horaire;2023-04-21 11:00:00;2023-04-21 12:00:00;True;-2.2501538782724806;47.26411028437446;303302.1643903805;6698059.671526036
Loire-Atlantique;Saint-Nazaire;44184;LEON BLUM;FR23110;background;PM2.5;6001;14.0;µg/m3;horaire;2023-04-21 11:00:00;2023-04-21 12:00:00;True;-2.2501538782724806;47.26411028437446;303302.1643903805;6698059.671526036
Maine-et-Loire;Angers;49007;BEAUX ARTS;FR23120;background;NO2;8;6.6;µg/m3;horaire;2023-04-21 11:00:00;2023-04-21 12:00:00;True;-0.5559330038543386;47.46849236147444;432231.14920499554;6713600.72883131
Maine-et-Loire;Angers;49007;BEAUX ARTS;FR23120;background;NO;38;1.2;µg/m3;horaire;2023-04-21 11:00:00;2023-04-21 12:00:00;True;-0.5559330038543386;47.46849236147444;432231.14920499554;6713600.72883131
Maine-et-Loire;Angers;49007;BEAUX ARTS;FR23120;background;NOx;9;8.4;µg/m3 eq NO2;horaire;2023-04-21 11:00:00;2023-04-21 12:00:00;True;-0.5559330038543386;47.46849236147444;432231.14920499554;6713600.72883131
Maine-et-Loire;Angers;49007;BEAUX ARTS;FR23120;background;PM10;5;21.0;µg/m3;horaire;2023-04-21 11:00:00;2023-04-21 12:00:00;True;-0.5559330038543386;47.46849236147444;432231.14920499554;6713600.72883131
Maine-et-Loire;Angers;49007;BEAUX ARTS;FR23120;background;PM2.5;6001;17.0;µg/m3;horaire;2023-04-21 11:00:00;2023-04-21 12:00:00;True;-0.5559330038543386;47.46849236147444;432231.14920499554;6713600.72883131
Mayenne;Laval;53130;MAZAGRAN;FR23123;background;NO2;8;5.6;µg/m3;horaire;2023-04-21 11:00:00;2023-04-21 12:00:00;True;-0.7681529262800582;48.06936514490995;419447.0551375298;6781027.2411395665
Mayenne;Laval;53130;MAZAGRAN;FR23123;background;NO;38;1.2;µg/m3;horaire;2023-04-21 11:00:00;2023-04-21 12:00:00;True;-0.7681529262800582;48.06936514490995;419447.0551375298;6781027.2411395665
Mayenne;Laval;53130;MAZAGRAN;FR23123;background;NOx;9;7.4;µg/m3 eq NO2;horaire;2023-04-21 11:00:00;2023-04-21 12:00:00;True;-0.7681529262800582;48.06936514490995;419447.0551375298;6781027.2411395665
Mayenne;Laval;53130;MAZAGRAN;FR23123;background;O3;7;80.0;µg/m3;horaire;2023-04-21 11:00:00;2023-04-21 12:00:00;True;-0.7681529262800582;48.06936514490995;419447.0551375298;6781027.2411395665
Mayenne;Laval;53130;MAZAGRAN;FR23123;background;PM10;5;20.0;µg/m3;horaire;2023-04-21 11:00:00;2023-04-21 12:00:00;True;-0.7681529262800582;48.06936514490995;419447.0551375298;6781027.2411395665
Vendée;La Tardière;85289;LA TARDIERE;FR23124;background;NH3;35;4.7;µg/m3;horaire;2023-04-21 11:00:00;2023-04-21 12:00:00;True;-0.7433812921256286;46.65662489362803;413852.8420801177;6624178.2980740825
Vendée;La Tardière;85289;LA TARDIERE;FR23124;background;NO2;8;2.9;µg/m3;horaire;2023-04-21 11:00:00;2023-04-21 12:00:00;True;-0.7433812921256286;46.65662489362803;413852.8420801177;6624178.2980740825
Vendée;La Tardière;85289;LA TARDIERE;FR23124;background;NO;38;0.6;µg/m3;horaire;2023-04-21 11:00:00;2023-04-21 12:00:00;True;-0.7433812921256286;46.65662489362803;413852.8420801177;6624178.2980740825
Vendée;La Tardière;85289;LA TARDIERE;FR23124;background;NOx;9;3.7;µg/m3 eq NO2;horaire;2023-04-21 11:00:00;2023-04-21 12:00:00;True;-0.7433812921256286;46.65662489362803;413852.8420801177;6624178.2980740825
Vendée;La Tardière;85289;LA TARDIERE;FR23124;background;O3;7;90.0;µg/m3;horaire;2023-04-21 11:00:00;2023-04-21 12:00:00;True;-0.7433812921256286;46.65662489362803;413852.8420801177;6624178.2980740825
Vendée;La Tardière;85289;LA TARDIERE;FR23124;background;PM10;5;;µg/m3;horaire;2023-04-21 11:00:00;2023-04-21 12:00:00;False;-0.7433812921256286;46.65662489362803;413852.8420801177;6624178.2980740825
Vendée;La Tardière;85289;LA TARDIERE;FR23124;background;PM10;5;16.0;µg/m3;horaire;2023-04-21 11:00:00;2023-04-21 12:00:00;True;-0.7433812921256286;46.65662489362803;413852.8420801177;6624178.2980740825
Vendée;La Tardière;85289;LA TARDIERE;FR23124;background;PM2.5;6001;;µg/m3;horaire;2023-04-21 11:00:00;2023-04-21 12:00:00;False;-0.7433812921256286;46.65662489362803;413852.8420801177;6624178.2980740825
Loire-Atlantique;Paimbœuf;44116;CUTULLIC2;FR23149;industrial;SO2;1;2.1;µg/m3;horaire;2023-04-21 11:00:00;2023-04-21 12:00:00;True;-2.0324417113714177;47.28616795300179;319885.62629199366;6699433.757790069
Maine-et-Loire;Angers;49007;APPENTIS;FR23150;background;NO2;8;5.9;µg/m3;horaire;2023-04-21 11:00:00;2023-04-21 12:00:00;True;-0.5501000222079123;47.447336007801624;432564.4583844049;6711233.097282906
Maine-et-Loire;Angers;49007;APPENTIS;FR23150;background;NO;38;1.2;µg/m3;horaire;2023-04-21 11:00:00;2023-04-21 12:00:00;True;-0.5501000222079123;47.447336007801624;432564.4583844049;6711233.097282906
Maine-et-Loire;Angers;49007;APPENTIS;FR23150;background;NOx;9;7.7;µg/m3 eq NO2;horaire;2023-04-21 11:00:00;2023-04-21 12:00:00;True;-0.5501000222079123;47.447336007801624;432564.4583844049;6711233.097282906
Maine-et-Loire;Angers;49007;APPENTIS;FR23150;background;O3;7;91.0;µg/m3;horaire;2023-04-21 11:00:00;2023-04-21 12:00:00;True;-0.5501000222079123;47.447336007801624;432564.4583844049;6711233.097282906
Vendée;La Roche-Sur-Yon;85191;DELACROIX;FR23152;background;NO2;8;4.5;µg/m3;horaire;2023-04-21 11:00:00;2023-04-21 12:00:00;True;-1.4368610961896655;46.66064836113053;360919.2021133019;6627370.063373093
Vendée;La Roche-Sur-Yon;85191;DELACROIX;FR23152;background;NO;38;0.6;µg/m3;horaire;2023-04-21 11:00:00;2023-04-21 12:00:00;True;-1.4368610961896655;46.66064836113053;360919.2021133019;6627370.063373093
Vendée;La Roche-Sur-Yon;85191;DELACROIX;FR23152;background;NOx;9;5.5;µg/m3 eq NO2;horaire;2023-04-21 11:00:00;2023-04-21 12:00:00;True;-1.4368610961896655;46.66064836113053;360919.2021133019;6627370.063373093
Vendée;La Roche-Sur-Yon;85191;DELACROIX;FR23152;background;O3;7;93.0;µg/m3;horaire;2023-04-21 11:00:00;2023-04-21 12:00:00;True;-1.4368610961896655;46.66064836113053;360919.2021133019;6627370.063373093
Vendée;La Roche-Sur-Yon;85191;DELACROIX;FR23152;background;PM10;5;18.0;µg/m3;horaire;2023-04-21 11:00:00;2023-04-21 12:00:00;True;-1.4368610961896655;46.66064836113053;360919.2021133019;6627370.063373093
Vendée;La Roche-Sur-Yon;85191;DELACROIX;FR23152;background;PM2.5;6001;12.0;µg/m3;horaire;2023-04-21 11:00:00;2023-04-21 12:00:00;True;-1.4368610961896655;46.66064836113053;360919.2021133019;6627370.063373093
Loire-Atlantique;Bouaye;44018;EPINETTES;FR23157;background;O3;7;92.0;µg/m3;horaire;2023-04-21 11:00:00;2023-04-21 12:00:00;True;-1.6902690000000005;47.14608799999988;344775.68549371266;6682310.180873801
Sarthe;Spay;72344;FILLE;FR23163;background;O3;7;85.0;µg/m3;horaire;2023-04-21 11:00:00;2023-04-21 12:00:00;True;0.1518948064395943;47.92192248604607;487322.6743667995;6761783.716825325
Sarthe;Le Mans;72181;GUEDOU;FR23174;background;NO2;8;5.5;µg/m3;horaire;2023-04-21 11:00:00;2023-04-21 12:00:00;True;0.19605011554765286;47.98894827304624;490882.9153232856;6769108.857118812
Sarthe;Le Mans;72181;GUEDOU;FR23174;background;NO;38;1.4;µg/m3;horaire;2023-04-21 11:00:00;2023-04-21 12:00:00;True;0.19605011554765286;47.98894827304624;490882.9153232856;6769108.857118812
Sarthe;Le Mans;72181;GUEDOU;FR23174;background;NOx;9;7.6;µg/m3 eq NO2;horaire;2023-04-21 11:00:00;2023-04-21 12:00:00;True;0.19605011554765286;47.98894827304624;490882.9153232856;6769108.857118812
Maine-et-Loire;Bouchemaine;49035;CLOS DES BEAUVAIS;FR23175;background;O3;7;90.0;µg/m3;horaire;2023-04-21 11:00:00;2023-04-21 12:00:00;True;-0.6100060021346906;47.43011900354789;427967.33949541056;6709527.093695923
Mayenne;Saint-Denis-D'Anjou;53210;SAINT DENIS D'ANJOU;FR23177;background;NO;38;0.73;µg/m3;horaire;2023-04-21 11:00:00;2023-04-21 12:00:00;True;-0.4447696525665919;47.7883321330413;442146.2573931599;6748729.6000822345
Mayenne;Saint-Denis-D'Anjou;53210;SAINT DENIS D'ANJOU;FR23177;background;NO2;8;5.0;µg/m3;horaire;2023-04-21 11:00:00;2023-04-21 12:00:00;True;-0.4447696525665919;47.7883321330413;442146.2573931599;6748729.6000822345
Mayenne;Saint-Denis-D'Anjou;53210;SAINT DENIS D'ANJOU;FR23177;background;NOx;9;6.1;µg/m3 eq NO2;horaire;2023-04-21 11:00:00;2023-04-21 12:00:00;True;-0.4447696525665919;47.7883321330413;442146.2573931599;6748729.6000822345
Mayenne;Saint-Denis-D'Anjou;53210;SAINT DENIS D'ANJOU;FR23177;background;O3;7;86.0;µg/m3;horaire;2023-04-21 11:00:00;2023-04-21 12:00:00;True;-0.4447696525665919;47.7883321330413;442146.2573931599;6748729.6000822345
Mayenne;Saint-Denis-D'Anjou;53210;SAINT DENIS D'ANJOU;FR23177;background;PM10;5;22.0;µg/m3;horaire;2023-04-21 11:00:00;2023-04-21 12:00:00;True;-0.4447696525665919;47.7883321330413;442146.2573931599;6748729.6000822345
Loire-Atlantique;Donges;44052;PARSCAU DU PLESSIS;FR23178;industrial;NO;38;0.4;µg/m3;horaire;2023-04-21 11:00:00;2023-04-21 12:00:00;True;-2.06687664431583;47.318896029650766;317521.3409009125;6703228.095208768
Loire-Atlantique;Donges;44052;PARSCAU DU PLESSIS;FR23178;industrial;NO2;8;5.1;µg/m3;horaire;2023-04-21 11:00:00;2023-04-21 12:00:00;True;-2.06687664431583;47.318896029650766;317521.3409009125;6703228.095208768
Loire-Atlantique;Donges;44052;PARSCAU DU PLESSIS;FR23178;industrial;NOx;9;5.8;µg/m3 eq NO2;horaire;2023-04-21 11:00:00;2023-04-21 12:00:00;True;-2.06687664431583;47.318896029650766;317521.3409009125;6703228.095208768
Loire-Atlantique;Donges;44052;PARSCAU DU PLESSIS;FR23178;industrial;PM10;5;25.0;µg/m3;horaire;2023-04-21 11:00:00;2023-04-21 12:00:00;True;-2.06687664431583;47.318896029650766;317521.3409009125;6703228.095208768
Loire-Atlantique;Donges;44052;PARSCAU DU PLESSIS;FR23178;industrial;PM2.5;6001;19.0;µg/m3;horaire;2023-04-21 11:00:00;2023-04-21 12:00:00;True;-2.06687664431583;47.318896029650766;317521.3409009125;6703228.095208768
Loire-Atlantique;Donges;44052;PARSCAU DU PLESSIS;FR23178;industrial;SO2;1;0.0;µg/m3;horaire;2023-04-21 11:00:00;2023-04-21 12:00:00;True;-2.06687664431583;47.318896029650766;317521.3409009125;6703228.095208768
Loire-Atlantique;Saint-Nazaire;44184;PARC PAYSAGER;FR23181;background;NO;38;1.0;µg/m3;horaire;2023-04-21 11:00:00;2023-04-21 12:00:00;True;-2.2231753057476937;47.273129394194775;305403.8853541548;6698924.134703943
Loire-Atlantique;Saint-Nazaire;44184;PARC PAYSAGER;FR23181;background;NO2;8;6.8;µg/m3;horaire;2023-04-21 11:00:00;2023-04-21 12:00:00;True;-2.2231753057476937;47.273129394194775;305403.8853541548;6698924.134703943
Loire-Atlantique;Saint-Nazaire;44184;PARC PAYSAGER;FR23181;background;NOx;9;8.3;µg/m3 eq NO2;horaire;2023-04-21 11:00:00;2023-04-21 12:00:00;True;-2.2231753057476937;47.273129394194775;305403.8853541548;6698924.134703943
Loire-Atlantique;Saint-Nazaire;44184;PARC PAYSAGER;FR23181;background;SO2;1;0.95;µg/m3;horaire;2023-04-21 11:00:00;2023-04-21 12:00:00;True;-2.2231753057476937;47.273129394194775;305403.8853541548;6698924.134703943
Sarthe;Le Mans;72181;SOURCES;FR23182;background;NO2;8;4.4;µg/m3;horaire;2023-04-21 11:00:00;2023-04-21 12:00:00;True;0.2213390216306751;47.971141853614576;492698.55226572393;6767064.748575544
Sarthe;Le Mans;72181;SOURCES;FR23182;background;NO;38;1.7;µg/m3;horaire;2023-04-21 11:00:00;2023-04-21 12:00:00;True;0.2213390216306751;47.971141853614576;492698.55226572393;6767064.748575544
Sarthe;Le Mans;72181;SOURCES;FR23182;background;NOx;9;6.9;µg/m3 eq NO2;horaire;2023-04-21 11:00:00;2023-04-21 12:00:00;True;0.2213390216306751;47.971141853614576;492698.55226572393;6767064.748575544
Sarthe;Le Mans;72181;SOURCES;FR23182;background;O3;7;94.0;µg/m3;horaire;2023-04-21 11:00:00;2023-04-21 12:00:00;True;0.2213390216306751;47.971141853614576;492698.55226572393;6767064.748575544
Sarthe;Le Mans;72181;SOURCES;FR23182;background;PM10;5;12.0;µg/m3;horaire;2023-04-21 11:00:00;2023-04-21 12:00:00;True;0.2213390216306751;47.971141853614576;492698.55226572393;6767064.748575544
Sarthe;Le Mans;72181;SOURCES;FR23182;background;PM2.5;6001;14.0;µg/m3;horaire;2023-04-21 11:00:00;2023-04-21 12:00:00;True;0.2213390216306751;47.971141853614576;492698.55226572393;6767064.748575544
Loire-Atlantique;Nantes;44109;CIM BOUTEILLERIE;FR23188;background;BCwb;;15.0;%;horaire;2023-04-21 11:00:00;2023-04-21 12:00:00;True;-1.5374268258113177;47.22217589146574;356823.8361417605;6690071.409167136
Loire-Atlantique;Nantes;44109;CIM BOUTEILLERIE;FR23188;background;Hg;;0.3;ng/m3;horaire;2023-04-21 11:00:00;2023-04-21 12:00:00;True;-1.5374268258113177;47.22217589146574;356823.8361417605;6690071.409167136
Loire-Atlantique;Nantes;44109;CIM BOUTEILLERIE;FR23188;background;NO2;8;6.3;µg/m3;horaire;2023-04-21 11:00:00;2023-04-21 12:00:00;True;-1.5374268258113177;47.22217589146574;356823.8361417605;6690071.409167136
Loire-Atlantique;Nantes;44109;CIM BOUTEILLERIE;FR23188;background;NO;38;1.5;µg/m3;horaire;2023-04-21 11:00:00;2023-04-21 12:00:00;True;-1.5374268258113177;47.22217589146574;356823.8361417605;6690071.409167136
Loire-Atlantique;Nantes;44109;CIM BOUTEILLERIE;FR23188;background;NOx;9;8.5;µg/m3 eq NO2;horaire;2023-04-21 11:00:00;2023-04-21 12:00:00;True;-1.5374268258113177;47.22217589146574;356823.8361417605;6690071.409167136
Loire-Atlantique;Nantes;44109;CIM BOUTEILLERIE;FR23188;background;O3;7;83.0;µg/m3;horaire;2023-04-21 11:00:00;2023-04-21 12:00:00;True;-1.5374268258113177;47.22217589146574;356823.8361417605;6690071.409167136
Loire-Atlantique;Nantes;44109;CIM BOUTEILLERIE;FR23188;background;PM10;5;26.0;µg/m3;horaire;2023-04-21 11:00:00;2023-04-21 12:00:00;True;-1.5374268258113177;47.22217589146574;356823.8361417605;6690071.409167136
Loire-Atlantique;Nantes;44109;CIM BOUTEILLERIE;FR23188;background;PM2.5;6001;20.0;µg/m3;horaire;2023-04-21 11:00:00;2023-04-21 12:00:00;True;-1.5374268258113177;47.22217589146574;356823.8361417605;6690071.409167136
Loire-Atlantique;Nantes;44109;CIM BOUTEILLERIE;FR23188;background;PUF;;3633.0;P/cm3;horaire;2023-04-21 11:00:00;2023-04-21 12:00:00;True;-1.5374268258113177;47.22217589146574;356823.8361417605;6690071.409167136
Loire-Atlantique;Pornichet;44132;GASPARD;FR23230;background;O3;7;88.0;µg/m3;horaire;2023-04-21 11:00:00;2023-04-21 12:00:00;True;-2.3320669999999977;47.253055999964715;297039.3525861991;6697249.291127122
Loire-Atlantique;Rezé;44143;TRENTEMOULT;FR23238;specific;PM10;5;22.0;µg/m3;horaire;2023-04-21 11:00:00;2023-04-21 12:00:00;True;-1.5816779999999988;47.194146999964396;353300.20766508416;6687156.526597275
Loire-Atlantique;Rezé;44143;TRENTEMOULT;FR23238;specific;PM2.5;6001;19.0;µg/m3;horaire;2023-04-21 11:00:00;2023-04-21 12:00:00;True;-1.5816779999999988;47.194146999964396;353300.20766508416;6687156.526597275
Loire-Atlantique;Bouguenais;44020;LES COUETS;FR23239;industrial;NO2;8;7.0;µg/m3;horaire;2023-04-21 11:00:00;2023-04-21 12:00:00;True;-1.591496999999999;47.18591899996436;352504.9179813179;6686287.290819376
Loire-Atlantique;Bouguenais;44020;LES COUETS;FR23239;industrial;NO;38;2.8;µg/m3;horaire;2023-04-21 11:00:00;2023-04-21 12:00:00;True;-1.591496999999999;47.18591899996436;352504.9179813179;6686287.290819376
Loire-Atlantique;Bouguenais;44020;LES COUETS;FR23239;industrial;NOx;9;11.0;µg/m3 eq NO2;horaire;2023-04-21 11:00:00;2023-04-21 12:00:00;True;-1.591496999999999;47.18591899996436;352504.9179813179;6686287.290819376
Loire-Atlantique;Bouguenais;44020;LES COUETS;FR23239;industrial;PM10;5;24.0;µg/m3;horaire;2023-04-21 11:00:00;2023-04-21 12:00:00;True;-1.591496999999999;47.18591899996436;352504.9179813179;6686287.290819376
Loire-Atlantique;Bouguenais;44020;LES COUETS;FR23239;industrial;PM2.5;6001;16.0;µg/m3;horaire;2023-04-21 11:00:00;2023-04-21 12:00:00;True;-1.591496999999999;47.18591899996436;352504.9179813179;6686287.290819376
Maine-et-Loire;Angers;49007;ROI RENE;FR23242;traffic;NO;38;7.9;µg/m3;horaire;2023-04-21 11:00:00;2023-04-21 12:00:00;True;-0.5546410000000003;47.46693799998293;432320.60333853256;6713423.849690912
Maine-et-Loire;Angers;49007;ROI RENE;FR23242;traffic;NO2;8;20.0;µg/m3;horaire;2023-04-21 11:00:00;2023-04-21 12:00:00;True;-0.5546410000000003;47.46693799998293;432320.60333853256;6713423.849690912
Maine-et-Loire;Angers;49007;ROI RENE;FR23242;traffic;NOx;9;32.0;µg/m3 eq NO2;horaire;2023-04-21 11:00:00;2023-04-21 12:00:00;True;-0.5546410000000003;47.46693799998293;432320.60333853256;6713423.849690912
Maine-et-Loire;Angers;49007;ROI RENE;FR23242;traffic;PM10;5;18.0;µg/m3;horaire;2023-04-21 11:00:00;2023-04-21 12:00:00;True;-0.5546410000000003;47.46693799998293;432320.60333853256;6713423.849690912
Loire-Atlantique;Montoir-De-Bretagne;44103;CAMEE;FR23249;industrial;NO2;8;5.0;µg/m3;horaire;2023-04-21 11:00:00;2023-04-21 12:00:00;True;-2.1273331951941428;47.32113812654744;312980.25164916983;6703771.212179752
Loire-Atlantique;Montoir-De-Bretagne;44103;CAMEE;FR23249;industrial;NO;38;0.53;µg/m3;horaire;2023-04-21 11:00:00;2023-04-21 12:00:00;True;-2.1273331951941428;47.32113812654744;312980.25164916983;6703771.212179752
Loire-Atlantique;Montoir-De-Bretagne;44103;CAMEE;FR23249;industrial;NOx;9;5.7;µg/m3 eq NO2;horaire;2023-04-21 11:00:00;2023-04-21 12:00:00;True;-2.1273331951941428;47.32113812654744;312980.25164916983;6703771.212179752
Loire-Atlantique;Montoir-De-Bretagne;44103;CAMEE;FR23249;industrial;PM10;5;24.0;µg/m3;horaire;2023-04-21 11:00:00;2023-04-21 12:00:00;True;-2.1273331951941428;47.32113812654744;312980.25164916983;6703771.212179752
Loire-Atlantique;Montoir-De-Bretagne;44103;CAMEE;FR23249;industrial;PM2.5;6001;19.0;µg/m3;horaire;2023-04-21 11:00:00;2023-04-21 12:00:00;True;-2.1273331951941428;47.32113812654744;312980.25164916983;6703771.212179752
Loire-Atlantique;Montoir-De-Bretagne;44103;CAMEE;FR23249;industrial;SO2;1;2.7;µg/m3;horaire;2023-04-21 11:00:00;2023-04-21 12:00:00;True;-2.1273331951941428;47.32113812654744;312980.25164916983;6703771.212179752
Loire-Atlantique;Nantes;44109;FRERES GONCOURT;FR23251;traffic;C6H5-C2H5;431;0.26;µg/m3;horaire;2023-04-21 11:00:00;2023-04-21 12:00:00;True;-1.564803;47.23354499998231;354828.5774908221;6691451.497810739
Loire-Atlantique;Nantes;44109;FRERES GONCOURT;FR23251;traffic;C6H5-CH3;21;1.6;µg/m3;horaire;2023-04-21 11:00:00;2023-04-21 12:00:00;True;-1.564803;47.23354499998231;354828.5774908221;6691451.497810739
Loire-Atlantique;Nantes;44109;FRERES GONCOURT;FR23251;traffic;C6H6;20;0.97;µg/m3;horaire;2023-04-21 11:00:00;2023-04-21 12:00:00;True;-1.564803;47.23354499998231;354828.5774908221;6691451.497810739
Loire-Atlantique;Nantes;44109;FRERES GONCOURT;FR23251;traffic;CO;10;0.23;mg/m3;horaire;2023-04-21 11:00:00;2023-04-21 12:00:00;True;-1.564803;47.23354499998231;354828.5774908221;6691451.497810739
Loire-Atlantique;Nantes;44109;FRERES GONCOURT;FR23251;traffic;m,p-C6H4(CH3)2;464;0.89;µg/m3;horaire;2023-04-21 11:00:00;2023-04-21 12:00:00;True;-1.564803;47.23354499998231;354828.5774908221;6691451.497810739
Loire-Atlantique;Nantes;44109;FRERES GONCOURT;FR23251;traffic;NO;38;25.0;µg/m3;horaire;2023-04-21 11:00:00;2023-04-21 12:00:00;True;-1.564803;47.23354499998231;354828.5774908221;6691451.497810739
Loire-Atlantique;Nantes;44109;FRERES GONCOURT;FR23251;traffic;NO2;8;25.0;µg/m3;horaire;2023-04-21 11:00:00;2023-04-21 12:00:00;True;-1.564803;47.23354499998231;354828.5774908221;6691451.497810739
Loire-Atlantique;Nantes;44109;FRERES GONCOURT;FR23251;traffic;NOx;9;62.0;µg/m3 eq NO2;horaire;2023-04-21 11:00:00;2023-04-21 12:00:00;True;-1.564803;47.23354499998231;354828.5774908221;6691451.497810739
Loire-Atlantique;Nantes;44109;FRERES GONCOURT;FR23251;traffic;o-C6H4-(CH3)2;482;0.35;µg/m3;horaire;2023-04-21 11:00:00;2023-04-21 12:00:00;True;-1.564803;47.23354499998231;354828.5774908221;6691451.497810739
Loire-Atlantique;Nantes;44109;FRERES GONCOURT;FR23251;traffic;PM10;5;33.0;µg/m3;horaire;2023-04-21 11:00:00;2023-04-21 12:00:00;True;-1.564803;47.23354499998231;354828.5774908221;6691451.497810739
Loire-Atlantique;Nantes;44109;FRERES GONCOURT;FR23251;traffic;PM2.5;6001;20.0;µg/m3;horaire;2023-04-21 11:00:00;2023-04-21 12:00:00;True;-1.564803;47.23354499998231;354828.5774908221;6691451.497810739
Loire-Atlantique;Donges;44052;AMPERE;FR23001;industrial;SO2;1;0.0;µg/m3;horaire;2023-04-21 10:00:00;2023-04-21 11:00:00;True;-2.0813729293078014;47.324243646620644;316466.7822100732;6703891.209852793
Loire-Atlantique;Donges;44052;LA MEGRETAIS;FR23003;industrial;NO2;8;5.1;µg/m3;horaire;2023-04-21 10:00:00;2023-04-21 11:00:00;True;-2.039245335998521;47.322705228858595;319631.26531024784;6703516.8929397985
Loire-Atlantique;Donges;44052;LA MEGRETAIS;FR23003;industrial;NO;38;0.8;µg/m3;horaire;2023-04-21 10:00:00;2023-04-21 11:00:00;True;-2.039245335998521;47.322705228858595;319631.26531024784;6703516.8929397985
Loire-Atlantique;Donges;44052;LA MEGRETAIS;FR23003;industrial;NOx;9;6.3;µg/m3 eq NO2;horaire;2023-04-21 10:00:00;2023-04-21 11:00:00;True;-2.039245335998521;47.322705228858595;319631.26531024784;6703516.8929397985
Loire-Atlantique;Donges;44052;LA MEGRETAIS;FR23003;industrial;PM10;5;29.0;µg/m3;horaire;2023-04-21 10:00:00;2023-04-21 11:00:00;True;-2.039245335998521;47.322705228858595;319631.26531024784;6703516.8929397985
Loire-Atlantique;Donges;44052;LA MEGRETAIS;FR23003;industrial;PM2.5;6001;20.0;µg/m3;horaire;2023-04-21 10:00:00;2023-04-21 11:00:00;True;-2.039245335998521;47.322705228858595;319631.26531024784;6703516.8929397985
Loire-Atlantique;Donges;44052;LA MEGRETAIS;FR23003;industrial;SO2;1;0.0;µg/m3;horaire;2023-04-21 10:00:00;2023-04-21 11:00:00;True;-2.039245335998521;47.322705228858595;319631.26531024784;6703516.8929397985
Loire-Atlantique;Donges;44052;PASTEUR;FR23004;industrial;H2S;11;0.45;µg/m3;horaire;2023-04-21 10:00:00;2023-04-21 11:00:00;True;-2.073374401966883;47.31740262661712;317020.8741071;6703094.040787983
Loire-Atlantique;Donges;44052;PASTEUR;FR23004;industrial;SO2;1;0.88;µg/m3;horaire;2023-04-21 10:00:00;2023-04-21 11:00:00;True;-2.073374401966883;47.31740262661712;317020.8741071;6703094.040787983
Loire-Atlantique;Frossay;44061;FROSSAY;FR23068;industrial;NO2;8;4.7;µg/m3;horaire;2023-04-21 10:00:00;2023-04-21 11:00:00;True;-1.9365235553956817;47.24735229625331;326851.68236097385;6694673.195316758
Loire-Atlantique;Frossay;44061;FROSSAY;FR23068;industrial;NO;38;0.48;µg/m3;horaire;2023-04-21 10:00:00;2023-04-21 11:00:00;True;-1.9365235553956817;47.24735229625331;326851.68236097385;6694673.195316758
Loire-Atlantique;Frossay;44061;FROSSAY;FR23068;industrial;NOx;9;5.4;µg/m3 eq NO2;horaire;2023-04-21 10:00:00;2023-04-21 11:00:00;True;-1.9365235553956817;47.24735229625331;326851.68236097385;6694673.195316758
Loire-Atlantique;Frossay;44061;FROSSAY;FR23068;industrial;PM10;5;25.0;µg/m3;horaire;2023-04-21 10:00:00;2023-04-21 11:00:00;True;-1.9365235553956817;47.24735229625331;326851.68236097385;6694673.195316758
Loire-Atlantique;Frossay;44061;FROSSAY;FR23068;industrial;SO2;1;0.15;µg/m3;horaire;2023-04-21 10:00:00;2023-04-21 11:00:00;True;-1.9365235553956817;47.24735229625331;326851.68236097385;6694673.195316758
Loire-Atlantique;Savenay;44195;SAVENAY;FR23069;industrial;SO2;1;0.63;µg/m3;horaire;2023-04-21 10:00:00;2023-04-21 11:00:00;True;-1.9535935295608815;47.36020691809557;326348.9822352358;6707265.42533564
Loire-Atlantique;Saint-Etienne-De-Montluc;44158;SAINT ETIENNE DE MONTLUC;FR23070;industrial;NO2;8;3.5;µg/m3;horaire;2023-04-21 10:00:00;2023-04-21 11:00:00;True;-1.7830812813449453;47.28312712300018;338676.42390903604;6697925.914501535
Loire-Atlantique;Saint-Etienne-De-Montluc;44158;SAINT ETIENNE DE MONTLUC;FR23070;industrial;NO;38;0.25;µg/m3;horaire;2023-04-21 10:00:00;2023-04-21 11:00:00;True;-1.7830812813449453;47.28312712300018;338676.42390903604;6697925.914501535
Loire-Atlantique;Saint-Etienne-De-Montluc;44158;SAINT ETIENNE DE MONTLUC;FR23070;industrial;NOx;9;3.8;µg/m3 eq NO2;horaire;2023-04-21 10:00:00;2023-04-21 11:00:00;True;-1.7830812813449453;47.28312712300018;338676.42390903604;6697925.914501535
Loire-Atlantique;Saint-Etienne-De-Montluc;44158;SAINT ETIENNE DE MONTLUC;FR23070;industrial;PM10;5;24.0;µg/m3;horaire;2023-04-21 10:00:00;2023-04-21 11:00:00;True;-1.7830812813449453;47.28312712300018;338676.42390903604;6697925.914501535
Loire-Atlantique;Saint-Etienne-De-Montluc;44158;SAINT ETIENNE DE MONTLUC;FR23070;industrial;PM2.5;6001;19.0;µg/m3;horaire;2023-04-21 10:00:00;2023-04-21 11:00:00;True;-1.7830812813449453;47.28312712300018;338676.42390903604;6697925.914501535
Loire-Atlantique;Saint-Etienne-De-Montluc;44158;SAINT ETIENNE DE MONTLUC;FR23070;industrial;SO2;1;1.3;µg/m3;horaire;2023-04-21 10:00:00;2023-04-21 11:00:00;True;-1.7830812813449453;47.28312712300018;338676.42390903604;6697925.914501535
Loire-Atlantique;Trignac;44210;JULES VERNE;FR23075;industrial;NO2;8;7.4;µg/m3;horaire;2023-04-21 10:00:00;2023-04-21 11:00:00;True;-2.1904076735030835;47.315645037165524;308186.02080619615;6703473.391126138
Loire-Atlantique;Trignac;44210;JULES VERNE;FR23075;industrial;NO;38;2.2;µg/m3;horaire;2023-04-21 10:00:00;2023-04-21 11:00:00;True;-2.1904076735030835;47.315645037165524;308186.02080619615;6703473.391126138
Loire-Atlantique;Trignac;44210;JULES VERNE;FR23075;industrial;NOx;9;11.0;µg/m3 eq NO2;horaire;2023-04-21 10:00:00;2023-04-21 11:00:00;True;-2.1904076735030835;47.315645037165524;308186.02080619615;6703473.391126138
Maine-et-Loire;Cholet;49099;SAINT EXUPERY;FR23078;background;NO2;8;6.9;µg/m3;horaire;2023-04-21 10:00:00;2023-04-21 11:00:00;True;-0.8835758137839181;47.055828646104125;405324.4925768649;6668979.670961294
Maine-et-Loire;Cholet;49099;SAINT EXUPERY;FR23078;background;NO;38;1.4;µg/m3;horaire;2023-04-21 10:00:00;2023-04-21 11:00:00;True;-0.8835758137839181;47.055828646104125;405324.4925768649;6668979.670961294
Maine-et-Loire;Cholet;49099;SAINT EXUPERY;FR23078;background;NOx;9;9.0;µg/m3 eq NO2;horaire;2023-04-21 10:00:00;2023-04-21 11:00:00;True;-0.8835758137839181;47.055828646104125;405324.4925768649;6668979.670961294
Maine-et-Loire;Cholet;49099;SAINT EXUPERY;FR23078;background;O3;7;89.0;µg/m3;horaire;2023-04-21 10:00:00;2023-04-21 11:00:00;True;-0.8835758137839181;47.055828646104125;405324.4925768649;6668979.670961294
Maine-et-Loire;Cholet;49099;SAINT EXUPERY;FR23078;background;PM10;5;19.0;µg/m3;horaire;2023-04-21 10:00:00;2023-04-21 11:00:00;True;-0.8835758137839181;47.055828646104125;405324.4925768649;6668979.670961294
Loire-Atlantique;Nantes;44109;LA CHAUVINIERE;FR23107;background;NO2;8;6.5;µg/m3;horaire;2023-04-21 10:00:00;2023-04-21 11:00:00;True;-1.5732745401793513;47.25291196744293;354313.2357701814;6693636.219563372
Loire-Atlantique;Nantes;44109;LA CHAUVINIERE;FR23107;background;NO;38;1.2;µg/m3;horaire;2023-04-21 10:00:00;2023-04-21 11:00:00;True;-1.5732745401793513;47.25291196744293;354313.2357701814;6693636.219563372
Loire-Atlantique;Nantes;44109;LA CHAUVINIERE;FR23107;background;NOx;9;8.2;µg/m3 eq NO2;horaire;2023-04-21 10:00:00;2023-04-21 11:00:00;True;-1.5732745401793513;47.25291196744293;354313.2357701814;6693636.219563372
Loire-Atlantique;Nantes;44109;LA CHAUVINIERE;FR23107;background;PM10;5;27.0;µg/m3;horaire;2023-04-21 10:00:00;2023-04-21 11:00:00;True;-1.5732745401793513;47.25291196744293;354313.2357701814;6693636.219563372
Loire-Atlantique;Nantes;44109;LA CHAUVINIERE;FR23107;background;PM2.5;6001;21.0;µg/m3;horaire;2023-04-21 10:00:00;2023-04-21 11:00:00;True;-1.5732745401793513;47.25291196744293;354313.2357701814;6693636.219563372
Loire-Atlantique;Saint-Nazaire;44184;LEON BLUM;FR23110;background;NO2;8;6.1;µg/m3;horaire;2023-04-21 10:00:00;2023-04-21 11:00:00;True;-2.2501538782724806;47.26411028437446;303302.1643903805;6698059.671526036
Loire-Atlantique;Saint-Nazaire;44184;LEON BLUM;FR23110;background;NO;38;1.6;µg/m3;horaire;2023-04-21 10:00:00;2023-04-21 11:00:00;True;-2.2501538782724806;47.26411028437446;303302.1643903805;6698059.671526036
Loire-Atlantique;Saint-Nazaire;44184;LEON BLUM;FR23110;background;NOx;9;8.4;µg/m3 eq NO2;horaire;2023-04-21 10:00:00;2023-04-21 11:00:00;True;-2.2501538782724806;47.26411028437446;303302.1643903805;6698059.671526036
Loire-Atlantique;Saint-Nazaire;44184;LEON BLUM;FR23110;background;O3;7;75.0;µg/m3;horaire;2023-04-21 10:00:00;2023-04-21 11:00:00;True;-2.2501538782724806;47.26411028437446;303302.1643903805;6698059.671526036
Loire-Atlantique;Saint-Nazaire;44184;LEON BLUM;FR23110;background;PM10;5;25.0;µg/m3;horaire;2023-04-21 10:00:00;2023-04-21 11:00:00;True;-2.2501538782724806;47.26411028437446;303302.1643903805;6698059.671526036
Loire-Atlantique;Saint-Nazaire;44184;LEON BLUM;FR23110;background;PM2.5;6001;12.0;µg/m3;horaire;2023-04-21 10:00:00;2023-04-21 11:00:00;True;-2.2501538782724806;47.26411028437446;303302.1643903805;6698059.671526036
Maine-et-Loire;Angers;49007;BEAUX ARTS;FR23120;background;NO2;8;6.7;µg/m3;horaire;2023-04-21 10:00:00;2023-04-21 11:00:00;True;-0.5559330038543386;47.46849236147444;432231.14920499554;6713600.72883131
Maine-et-Loire;Angers;49007;BEAUX ARTS;FR23120;background;NO;38;1.3;µg/m3;horaire;2023-04-21 10:00:00;2023-04-21 11:00:00;True;-0.5559330038543386;47.46849236147444;432231.14920499554;6713600.72883131
Maine-et-Loire;Angers;49007;BEAUX ARTS;FR23120;background;NOx;9;8.6;µg/m3 eq NO2;horaire;2023-04-21 10:00:00;2023-04-21 11:00:00;True;-0.5559330038543386;47.46849236147444;432231.14920499554;6713600.72883131
Maine-et-Loire;Angers;49007;BEAUX ARTS;FR23120;background;PM10;5;21.0;µg/m3;horaire;2023-04-21 10:00:00;2023-04-21 11:00:00;True;-0.5559330038543386;47.46849236147444;432231.14920499554;6713600.72883131
Maine-et-Loire;Angers;49007;BEAUX ARTS;FR23120;background;PM2.5;6001;17.0;µg/m3;horaire;2023-04-21 10:00:00;2023-04-21 11:00:00;True;-0.5559330038543386;47.46849236147444;432231.14920499554;6713600.72883131
Mayenne;Laval;53130;MAZAGRAN;FR23123;background;NO2;8;5.1;µg/m3;horaire;2023-04-21 10:00:00;2023-04-21 11:00:00;True;-0.7681529262800582;48.06936514490995;419447.0551375298;6781027.2411395665
Mayenne;Laval;53130;MAZAGRAN;FR23123;background;NO;38;0.78;µg/m3;horaire;2023-04-21 10:00:00;2023-04-21 11:00:00;True;-0.7681529262800582;48.06936514490995;419447.0551375298;6781027.2411395665
Mayenne;Laval;53130;MAZAGRAN;FR23123;background;NOx;9;6.3;µg/m3 eq NO2;horaire;2023-04-21 10:00:00;2023-04-21 11:00:00;True;-0.7681529262800582;48.06936514490995;419447.0551375298;6781027.2411395665
Mayenne;Laval;53130;MAZAGRAN;FR23123;background;O3;7;79.0;µg/m3;horaire;2023-04-21 10:00:00;2023-04-21 11:00:00;True;-0.7681529262800582;48.06936514490995;419447.0551375298;6781027.2411395665
Mayenne;Laval;53130;MAZAGRAN;FR23123;background;PM10;5;20.0;µg/m3;horaire;2023-04-21 10:00:00;2023-04-21 11:00:00;True;-0.7681529262800582;48.06936514490995;419447.0551375298;6781027.2411395665
Vendée;La Tardière;85289;LA TARDIERE;FR23124;background;NH3;35;4.8;µg/m3;horaire;2023-04-21 10:00:00;2023-04-21 11:00:00;True;-0.7433812921256286;46.65662489362803;413852.8420801177;6624178.2980740825
Vendée;La Tardière;85289;LA TARDIERE;FR23124;background;NO2;8;3.4;µg/m3;horaire;2023-04-21 10:00:00;2023-04-21 11:00:00;True;-0.7433812921256286;46.65662489362803;413852.8420801177;6624178.2980740825
Vendée;La Tardière;85289;LA TARDIERE;FR23124;background;NO;38;0.75;µg/m3;horaire;2023-04-21 10:00:00;2023-04-21 11:00:00;True;-0.7433812921256286;46.65662489362803;413852.8420801177;6624178.2980740825
Vendée;La Tardière;85289;LA TARDIERE;FR23124;background;NOx;9;4.5;µg/m3 eq NO2;horaire;2023-04-21 10:00:00;2023-04-21 11:00:00;True;-0.7433812921256286;46.65662489362803;413852.8420801177;6624178.2980740825
Vendée;La Tardière;85289;LA TARDIERE;FR23124;background;O3;7;87.0;µg/m3;horaire;2023-04-21 10:00:00;2023-04-21 11:00:00;True;-0.7433812921256286;46.65662489362803;413852.8420801177;6624178.2980740825
Vendée;La Tardière;85289;LA TARDIERE;FR23124;background;PM10;5;;µg/m3;horaire;2023-04-21 10:00:00;2023-04-21 11:00:00;False;-0.7433812921256286;46.65662489362803;413852.8420801177;6624178.2980740825
Vendée;La Tardière;85289;LA TARDIERE;FR23124;background;PM10;5;17.0;µg/m3;horaire;2023-04-21 10:00:00;2023-04-21 11:00:00;True;-0.7433812921256286;46.65662489362803;413852.8420801177;6624178.2980740825
Vendée;La Tardière;85289;LA TARDIERE;FR23124;background;PM2.5;6001;;µg/m3;horaire;2023-04-21 10:00:00;2023-04-21 11:00:00;False;-0.7433812921256286;46.65662489362803;413852.8420801177;6624178.2980740825
Loire-Atlantique;Paimbœuf;44116;CUTULLIC2;FR23149;industrial;SO2;1;1.5;µg/m3;horaire;2023-04-21 10:00:00;2023-04-21 11:00:00;True;-2.0324417113714177;47.28616795300179;319885.62629199366;6699433.757790069
Maine-et-Loire;Angers;49007;APPENTIS;FR23150;background;NO2;8;6.5;µg/m3;horaire;2023-04-21 10:00:00;2023-04-21 11:00:00;True;-0.5501000222079123;47.447336007801624;432564.4583844049;6711233.097282906
Maine-et-Loire;Angers;49007;APPENTIS;FR23150;background;NO;38;1.5;µg/m3;horaire;2023-04-21 10:00:00;2023-04-21 11:00:00;True;-0.5501000222079123;47.447336007801624;432564.4583844049;6711233.097282906
Maine-et-Loire;Angers;49007;APPENTIS;FR23150;background;NOx;9;8.6;µg/m3 eq NO2;horaire;2023-04-21 10:00:00;2023-04-21 11:00:00;True;-0.5501000222079123;47.447336007801624;432564.4583844049;6711233.097282906
Maine-et-Loire;Angers;49007;APPENTIS;FR23150;background;O3;7;86.0;µg/m3;horaire;2023-04-21 10:00:00;2023-04-21 11:00:00;True;-0.5501000222079123;47.447336007801624;432564.4583844049;6711233.097282906
Vendée;La Roche-Sur-Yon;85191;DELACROIX;FR23152;background;NO2;8;5.0;µg/m3;horaire;2023-04-21 10:00:00;2023-04-21 11:00:00;True;-1.4368610961896655;46.66064836113053;360919.2021133019;6627370.063373093
Vendée;La Roche-Sur-Yon;85191;DELACROIX;FR23152;background;NO;38;0.95;µg/m3;horaire;2023-04-21 10:00:00;2023-04-21 11:00:00;True;-1.4368610961896655;46.66064836113053;360919.2021133019;6627370.063373093
Vendée;La Roche-Sur-Yon;85191;DELACROIX;FR23152;background;NOx;9;6.5;µg/m3 eq NO2;horaire;2023-04-21 10:00:00;2023-04-21 11:00:00;True;-1.4368610961896655;46.66064836113053;360919.2021133019;6627370.063373093
Vendée;La Roche-Sur-Yon;85191;DELACROIX;FR23152;background;O3;7;88.0;µg/m3;horaire;2023-04-21 10:00:00;2023-04-21 11:00:00;True;-1.4368610961896655;46.66064836113053;360919.2021133019;6627370.063373093
Vendée;La Roche-Sur-Yon;85191;DELACROIX;FR23152;background;PM10;5;21.0;µg/m3;horaire;2023-04-21 10:00:00;2023-04-21 11:00:00;True;-1.4368610961896655;46.66064836113053;360919.2021133019;6627370.063373093
Vendée;La Roche-Sur-Yon;85191;DELACROIX;FR23152;background;PM2.5;6001;14.0;µg/m3;horaire;2023-04-21 10:00:00;2023-04-21 11:00:00;True;-1.4368610961896655;46.66064836113053;360919.2021133019;6627370.063373093
Loire-Atlantique;Bouaye;44018;EPINETTES;FR23157;background;O3;7;84.0;µg/m3;horaire;2023-04-21 10:00:00;2023-04-21 11:00:00;True;-1.6902690000000005;47.14608799999988;344775.68549371266;6682310.180873801
Sarthe;Spay;72344;FILLE;FR23163;background;O3;7;78.0;µg/m3;horaire;2023-04-21 10:00:00;2023-04-21 11:00:00;True;0.1518948064395943;47.92192248604607;487322.6743667995;6761783.716825325
Sarthe;Le Mans;72181;GUEDOU;FR23174;background;NO2;8;6.7;µg/m3;horaire;2023-04-21 10:00:00;2023-04-21 11:00:00;True;0.19605011554765286;47.98894827304624;490882.9153232856;6769108.857118812
Sarthe;Le Mans;72181;GUEDOU;FR23174;background;NO;38;1.7;µg/m3;horaire;2023-04-21 10:00:00;2023-04-21 11:00:00;True;0.19605011554765286;47.98894827304624;490882.9153232856;6769108.857118812
Sarthe;Le Mans;72181;GUEDOU;FR23174;background;NOx;9;9.3;µg/m3 eq NO2;horaire;2023-04-21 10:00:00;2023-04-21 11:00:00;True;0.19605011554765286;47.98894827304624;490882.9153232856;6769108.857118812
Maine-et-Loire;Bouchemaine;49035;CLOS DES BEAUVAIS;FR23175;background;O3;7;86.0;µg/m3;horaire;2023-04-21 10:00:00;2023-04-21 11:00:00;True;-0.6100060021346906;47.43011900354789;427967.33949541056;6709527.093695923
Mayenne;Saint-Denis-D'Anjou;53210;SAINT DENIS D'ANJOU;FR23177;background;NO;38;0.85;µg/m3;horaire;2023-04-21 10:00:00;2023-04-21 11:00:00;True;-0.4447696525665919;47.7883321330413;442146.2573931599;6748729.6000822345
Mayenne;Saint-Denis-D'Anjou;53210;SAINT DENIS D'ANJOU;FR23177;background;NO2;8;5.5;µg/m3;horaire;2023-04-21 10:00:00;2023-04-21 11:00:00;True;-0.4447696525665919;47.7883321330413;442146.2573931599;6748729.6000822345
Mayenne;Saint-Denis-D'Anjou;53210;SAINT DENIS D'ANJOU;FR23177;background;NOx;9;6.8;µg/m3 eq NO2;horaire;2023-04-21 10:00:00;2023-04-21 11:00:00;True;-0.4447696525665919;47.7883321330413;442146.2573931599;6748729.6000822345
Mayenne;Saint-Denis-D'Anjou;53210;SAINT DENIS D'ANJOU;FR23177;background;O3;7;76.0;µg/m3;horaire;2023-04-21 10:00:00;2023-04-21 11:00:00;True;-0.4447696525665919;47.7883321330413;442146.2573931599;6748729.6000822345
Mayenne;Saint-Denis-D'Anjou;53210;SAINT DENIS D'ANJOU;FR23177;background;PM10;5;25.0;µg/m3;horaire;2023-04-21 10:00:00;2023-04-21 11:00:00;True;-0.4447696525665919;47.7883321330413;442146.2573931599;6748729.6000822345
Loire-Atlantique;Donges;44052;PARSCAU DU PLESSIS;FR23178;industrial;NO;38;0.55;µg/m3;horaire;2023-04-21 10:00:00;2023-04-21 11:00:00;True;-2.06687664431583;47.318896029650766;317521.3409009125;6703228.095208768
Loire-Atlantique;Donges;44052;PARSCAU DU PLESSIS;FR23178;industrial;NO2;8;6.0;µg/m3;horaire;2023-04-21 10:00:00;2023-04-21 11:00:00;True;-2.06687664431583;47.318896029650766;317521.3409009125;6703228.095208768
Loire-Atlantique;Donges;44052;PARSCAU DU PLESSIS;FR23178;industrial;NOx;9;6.8;µg/m3 eq NO2;horaire;2023-04-21 10:00:00;2023-04-21 11:00:00;True;-2.06687664431583;47.318896029650766;317521.3409009125;6703228.095208768
Loire-Atlantique;Donges;44052;PARSCAU DU PLESSIS;FR23178;industrial;PM10;5;25.0;µg/m3;horaire;2023-04-21 10:00:00;2023-04-21 11:00:00;True;-2.06687664431583;47.318896029650766;317521.3409009125;6703228.095208768
Loire-Atlantique;Donges;44052;PARSCAU DU PLESSIS;FR23178;industrial;PM2.5;6001;20.0;µg/m3;horaire;2023-04-21 10:00:00;2023-04-21 11:00:00;True;-2.06687664431583;47.318896029650766;317521.3409009125;6703228.095208768
Loire-Atlantique;Donges;44052;PARSCAU DU PLESSIS;FR23178;industrial;SO2;1;0.53;µg/m3;horaire;2023-04-21 10:00:00;2023-04-21 11:00:00;True;-2.06687664431583;47.318896029650766;317521.3409009125;6703228.095208768
Loire-Atlantique;Saint-Nazaire;44184;PARC PAYSAGER;FR23181;background;NO;38;1.4;µg/m3;horaire;2023-04-21 10:00:00;2023-04-21 11:00:00;True;-2.2231753057476937;47.273129394194775;305403.8853541548;6698924.134703943
Loire-Atlantique;Saint-Nazaire;44184;PARC PAYSAGER;FR23181;background;NO2;8;7.7;µg/m3;horaire;2023-04-21 10:00:00;2023-04-21 11:00:00;True;-2.2231753057476937;47.273129394194775;305403.8853541548;6698924.134703943
Loire-Atlantique;Saint-Nazaire;44184;PARC PAYSAGER;FR23181;background;NOx;9;9.9;µg/m3 eq NO2;horaire;2023-04-21 10:00:00;2023-04-21 11:00:00;True;-2.2231753057476937;47.273129394194775;305403.8853541548;6698924.134703943
Loire-Atlantique;Saint-Nazaire;44184;PARC PAYSAGER;FR23181;background;SO2;1;0.9;µg/m3;horaire;2023-04-21 10:00:00;2023-04-21 11:00:00;True;-2.2231753057476937;47.273129394194775;305403.8853541548;6698924.134703943
Sarthe;Le Mans;72181;SOURCES;FR23182;background;NO2;8;5.1;µg/m3;horaire;2023-04-21 10:00:00;2023-04-21 11:00:00;True;0.2213390216306751;47.971141853614576;492698.55226572393;6767064.748575544
Sarthe;Le Mans;72181;SOURCES;FR23182;background;NO;38;1.8;µg/m3;horaire;2023-04-21 10:00:00;2023-04-21 11:00:00;True;0.2213390216306751;47.971141853614576;492698.55226572393;6767064.748575544
Sarthe;Le Mans;72181;SOURCES;FR23182;background;NOx;9;8.0;µg/m3 eq NO2;horaire;2023-04-21 10:00:00;2023-04-21 11:00:00;True;0.2213390216306751;47.971141853614576;492698.55226572393;6767064.748575544
Sarthe;Le Mans;72181;SOURCES;FR23182;background;O3;7;84.0;µg/m3;horaire;2023-04-21 10:00:00;2023-04-21 11:00:00;True;0.2213390216306751;47.971141853614576;492698.55226572393;6767064.748575544
Sarthe;Le Mans;72181;SOURCES;FR23182;background;PM10;5;18.0;µg/m3;horaire;2023-04-21 10:00:00;2023-04-21 11:00:00;True;0.2213390216306751;47.971141853614576;492698.55226572393;6767064.748575544
Sarthe;Le Mans;72181;SOURCES;FR23182;background;PM2.5;6001;17.0;µg/m3;horaire;2023-04-21 10:00:00;2023-04-21 11:00:00;True;0.2213390216306751;47.971141853614576;492698.55226572393;6767064.748575544
Loire-Atlantique;Nantes;44109;CIM BOUTEILLERIE;FR23188;background;BCwb;;14.0;%;horaire;2023-04-21 10:00:00;2023-04-21 11:00:00;True;-1.5374268258113177;47.22217589146574;356823.8361417605;6690071.409167136
Loire-Atlantique;Nantes;44109;CIM BOUTEILLERIE;FR23188;background;Hg;;0.34;ng/m3;horaire;2023-04-21 10:00:00;2023-04-21 11:00:00;True;-1.5374268258113177;47.22217589146574;356823.8361417605;6690071.409167136
Loire-Atlantique;Nantes;44109;CIM BOUTEILLERIE;FR23188;background;NO2;8;6.9;µg/m3;horaire;2023-04-21 10:00:00;2023-04-21 11:00:00;True;-1.5374268258113177;47.22217589146574;356823.8361417605;6690071.409167136
Loire-Atlantique;Nantes;44109;CIM BOUTEILLERIE;FR23188;background;NO;38;1.5;µg/m3;horaire;2023-04-21 10:00:00;2023-04-21 11:00:00;True;-1.5374268258113177;47.22217589146574;356823.8361417605;6690071.409167136
Loire-Atlantique;Nantes;44109;CIM BOUTEILLERIE;FR23188;background;NOx;9;9.2;µg/m3 eq NO2;horaire;2023-04-21 10:00:00;2023-04-21 11:00:00;True;-1.5374268258113177;47.22217589146574;356823.8361417605;6690071.409167136
Loire-Atlantique;Nantes;44109;CIM BOUTEILLERIE;FR23188;background;O3;7;77.0;µg/m3;horaire;2023-04-21 10:00:00;2023-04-21 11:00:00;True;-1.5374268258113177;47.22217589146574;356823.8361417605;6690071.409167136
Loire-Atlantique;Nantes;44109;CIM BOUTEILLERIE;FR23188;background;PM10;5;27.0;µg/m3;horaire;2023-04-21 10:00:00;2023-04-21 11:00:00;True;-1.5374268258113177;47.22217589146574;356823.8361417605;6690071.409167136
Loire-Atlantique;Nantes;44109;CIM BOUTEILLERIE;FR23188;background;PM2.5;6001;22.0;µg/m3;horaire;2023-04-21 10:00:00;2023-04-21 11:00:00;True;-1.5374268258113177;47.22217589146574;356823.8361417605;6690071.409167136
Loire-Atlantique;Nantes;44109;CIM BOUTEILLERIE;FR23188;background;PUF;;3870.0;P/cm3;horaire;2023-04-21 10:00:00;2023-04-21 11:00:00;True;-1.5374268258113177;47.22217589146574;356823.8361417605;6690071.409167136
Loire-Atlantique;Pornichet;44132;GASPARD;FR23230;background;O3;7;76.0;µg/m3;horaire;2023-04-21 10:00:00;2023-04-21 11:00:00;True;-2.3320669999999977;47.253055999964715;297039.3525861991;6697249.291127122
Loire-Atlantique;Rezé;44143;TRENTEMOULT;FR23238;specific;PM10;5;24.0;µg/m3;horaire;2023-04-21 10:00:00;2023-04-21 11:00:00;True;-1.5816779999999988;47.194146999964396;353300.20766508416;6687156.526597275
Loire-Atlantique;Rezé;44143;TRENTEMOULT;FR23238;specific;PM2.5;6001;16.0;µg/m3;horaire;2023-04-21 10:00:00;2023-04-21 11:00:00;True;-1.5816779999999988;47.194146999964396;353300.20766508416;6687156.526597275
Loire-Atlantique;Bouguenais;44020;LES COUETS;FR23239;industrial;NO2;8;8.4;µg/m3;horaire;2023-04-21 10:00:00;2023-04-21 11:00:00;True;-1.591496999999999;47.18591899996436;352504.9179813179;6686287.290819376
Loire-Atlantique;Bouguenais;44020;LES COUETS;FR23239;industrial;NO;38;2.4;µg/m3;horaire;2023-04-21 10:00:00;2023-04-21 11:00:00;True;-1.591496999999999;47.18591899996436;352504.9179813179;6686287.290819376
Loire-Atlantique;Bouguenais;44020;LES COUETS;FR23239;industrial;NOx;9;12.0;µg/m3 eq NO2;horaire;2023-04-21 10:00:00;2023-04-21 11:00:00;True;-1.591496999999999;47.18591899996436;352504.9179813179;6686287.290819376
Loire-Atlantique;Bouguenais;44020;LES COUETS;FR23239;industrial;PM10;5;26.0;µg/m3;horaire;2023-04-21 10:00:00;2023-04-21 11:00:00;True;-1.591496999999999;47.18591899996436;352504.9179813179;6686287.290819376
Loire-Atlantique;Bouguenais;44020;LES COUETS;FR23239;industrial;PM2.5;6001;16.0;µg/m3;horaire;2023-04-21 10:00:00;2023-04-21 11:00:00;True;-1.591496999999999;47.18591899996436;352504.9179813179;6686287.290819376
Maine-et-Loire;Angers;49007;ROI RENE;FR23242;traffic;NO;38;8.3;µg/m3;horaire;2023-04-21 10:00:00;2023-04-21 11:00:00;True;-0.5546410000000003;47.46693799998293;432320.60333853256;6713423.849690912
Maine-et-Loire;Angers;49007;ROI RENE;FR23242;traffic;NO2;8;20.0;µg/m3;horaire;2023-04-21 10:00:00;2023-04-21 11:00:00;True;-0.5546410000000003;47.46693799998293;432320.60333853256;6713423.849690912
Maine-et-Loire;Angers;49007;ROI RENE;FR23242;traffic;NOx;9;33.0;µg/m3 eq NO2;horaire;2023-04-21 10:00:00;2023-04-21 11:00:00;True;-0.5546410000000003;47.46693799998293;432320.60333853256;6713423.849690912
Maine-et-Loire;Angers;49007;ROI RENE;FR23242;traffic;PM10;5;23.0;µg/m3;horaire;2023-04-21 10:00:00;2023-04-21 11:00:00;True;-0.5546410000000003;47.46693799998293;432320.60333853256;6713423.849690912
Loire-Atlantique;Montoir-De-Bretagne;44103;CAMEE;FR23249;industrial;NO2;8;4.6;µg/m3;horaire;2023-04-21 10:00:00;2023-04-21 11:00:00;True;-2.1273331951941428;47.32113812654744;312980.25164916983;6703771.212179752
Loire-Atlantique;Montoir-De-Bretagne;44103;CAMEE;FR23249;industrial;NO;38;0.63;µg/m3;horaire;2023-04-21 10:00:00;2023-04-21 11:00:00;True;-2.1273331951941428;47.32113812654744;312980.25164916983;6703771.212179752
Loire-Atlantique;Montoir-De-Bretagne;44103;CAMEE;FR23249;industrial;NOx;9;5.6;µg/m3 eq NO2;horaire;2023-04-21 10:00:00;2023-04-21 11:00:00;True;-2.1273331951941428;47.32113812654744;312980.25164916983;6703771.212179752
Loire-Atlantique;Montoir-De-Bretagne;44103;CAMEE;FR23249;industrial;PM10;5;24.0;µg/m3;horaire;2023-04-21 10:00:00;2023-04-21 11:00:00;True;-2.1273331951941428;47.32113812654744;312980.25164916983;6703771.212179752
Loire-Atlantique;Montoir-De-Bretagne;44103;CAMEE;FR23249;industrial;PM2.5;6001;18.0;µg/m3;horaire;2023-04-21 10:00:00;2023-04-21 11:00:00;True;-2.1273331951941428;47.32113812654744;312980.25164916983;6703771.212179752
Loire-Atlantique;Montoir-De-Bretagne;44103;CAMEE;FR23249;industrial;SO2;1;2.9;µg/m3;horaire;2023-04-21 10:00:00;2023-04-21 11:00:00;True;-2.1273331951941428;47.32113812654744;312980.25164916983;6703771.212179752
Loire-Atlantique;Nantes;44109;FRERES GONCOURT;FR23251;traffic;C6H5-C2H5;431;0.38;µg/m3;horaire;2023-04-21 10:00:00;2023-04-21 11:00:00;True;-1.564803;47.23354499998231;354828.5774908221;6691451.497810739
Loire-Atlantique;Nantes;44109;FRERES GONCOURT;FR23251;traffic;C6H5-CH3;21;2.2;µg/m3;horaire;2023-04-21 10:00:00;2023-04-21 11:00:00;True;-1.564803;47.23354499998231;354828.5774908221;6691451.497810739
Loire-Atlantique;Nantes;44109;FRERES GONCOURT;FR23251;traffic;C6H6;20;1.4;µg/m3;horaire;2023-04-21 10:00:00;2023-04-21 11:00:00;True;-1.564803;47.23354499998231;354828.5774908221;6691451.497810739
Loire-Atlantique;Nantes;44109;FRERES GONCOURT;FR23251;traffic;CO;10;0.32;mg/m3;horaire;2023-04-21 10:00:00;2023-04-21 11:00:00;True;-1.564803;47.23354499998231;354828.5774908221;6691451.497810739
Loire-Atlantique;Nantes;44109;FRERES GONCOURT;FR23251;traffic;m,p-C6H4(CH3)2;464;1.3;µg/m3;horaire;2023-04-21 10:00:00;2023-04-21 11:00:00;True;-1.564803;47.23354499998231;354828.5774908221;6691451.497810739
Loire-Atlantique;Nantes;44109;FRERES GONCOURT;FR23251;traffic;NO;38;31.0;µg/m3;horaire;2023-04-21 10:00:00;2023-04-21 11:00:00;True;-1.564803;47.23354499998231;354828.5774908221;6691451.497810739
Loire-Atlantique;Nantes;44109;FRERES GONCOURT;FR23251;traffic;NO2;8;32.0;µg/m3;horaire;2023-04-21 10:00:00;2023-04-21 11:00:00;True;-1.564803;47.23354499998231;354828.5774908221;6691451.497810739
Loire-Atlantique;Nantes;44109;FRERES GONCOURT;FR23251;traffic;NOx;9;79.0;µg/m3 eq NO2;horaire;2023-04-21 10:00:00;2023-04-21 11:00:00;True;-1.564803;47.23354499998231;354828.5774908221;6691451.497810739
Loire-Atlantique;Nantes;44109;FRERES GONCOURT;FR23251;traffic;o-C6H4-(CH3)2;482;0.49;µg/m3;horaire;2023-04-21 10:00:00;2023-04-21 11:00:00;True;-1.564803;47.23354499998231;354828.5774908221;6691451.497810739
Loire-Atlantique;Nantes;44109;FRERES GONCOURT;FR23251;traffic;PM10;5;30.0;µg/m3;horaire;2023-04-21 10:00:00;2023-04-21 11:00:00;True;-1.564803;47.23354499998231;354828.5774908221;6691451.497810739
Loire-Atlantique;Nantes;44109;FRERES GONCOURT;FR23251;traffic;PM2.5;6001;17.0;µg/m3;horaire;2023-04-21 10:00:00;2023-04-21 11:00:00;True;-1.564803;47.23354499998231;354828.5774908221;6691451.497810739
Loire-Atlantique;Donges;44052;AMPERE;FR23001;industrial;SO2;1;0.15;µg/m3;horaire;2023-04-21 09:00:00;2023-04-21 10:00:00;True;-2.0813729293078014;47.324243646620644;316466.7822100732;6703891.209852793
Loire-Atlantique;Donges;44052;LA MEGRETAIS;FR23003;industrial;NO2;8;5.5;µg/m3;horaire;2023-04-21 09:00:00;2023-04-21 10:00:00;True;-2.039245335998521;47.322705228858595;319631.26531024784;6703516.8929397985
Loire-Atlantique;Donges;44052;LA MEGRETAIS;FR23003;industrial;NO;38;0.9;µg/m3;horaire;2023-04-21 09:00:00;2023-04-21 10:00:00;True;-2.039245335998521;47.322705228858595;319631.26531024784;6703516.8929397985
Loire-Atlantique;Donges;44052;LA MEGRETAIS;FR23003;industrial;NOx;9;6.8;µg/m3 eq NO2;horaire;2023-04-21 09:00:00;2023-04-21 10:00:00;True;-2.039245335998521;47.322705228858595;319631.26531024784;6703516.8929397985
Loire-Atlantique;Donges;44052;LA MEGRETAIS;FR23003;industrial;PM10;5;28.0;µg/m3;horaire;2023-04-21 09:00:00;2023-04-21 10:00:00;True;-2.039245335998521;47.322705228858595;319631.26531024784;6703516.8929397985
Loire-Atlantique;Donges;44052;LA MEGRETAIS;FR23003;industrial;PM2.5;6001;19.0;µg/m3;horaire;2023-04-21 09:00:00;2023-04-21 10:00:00;True;-2.039245335998521;47.322705228858595;319631.26531024784;6703516.8929397985
Loire-Atlantique;Donges;44052;LA MEGRETAIS;FR23003;industrial;SO2;1;0.1;µg/m3;horaire;2023-04-21 09:00:00;2023-04-21 10:00:00;True;-2.039245335998521;47.322705228858595;319631.26531024784;6703516.8929397985
Loire-Atlantique;Donges;44052;PASTEUR;FR23004;industrial;H2S;11;0.4;µg/m3;horaire;2023-04-21 09:00:00;2023-04-21 10:00:00;True;-2.073374401966883;47.31740262661712;317020.8741071;6703094.040787983
Loire-Atlantique;Donges;44052;PASTEUR;FR23004;industrial;SO2;1;0.7;µg/m3;horaire;2023-04-21 09:00:00;2023-04-21 10:00:00;True;-2.073374401966883;47.31740262661712;317020.8741071;6703094.040787983
Loire-Atlantique;Frossay;44061;FROSSAY;FR23068;industrial;NO2;8;6.3;µg/m3;horaire;2023-04-21 09:00:00;2023-04-21 10:00:00;True;-1.9365235553956817;47.24735229625331;326851.68236097385;6694673.195316758
Loire-Atlantique;Frossay;44061;FROSSAY;FR23068;industrial;NO;38;1.2;µg/m3;horaire;2023-04-21 09:00:00;2023-04-21 10:00:00;True;-1.9365235553956817;47.24735229625331;326851.68236097385;6694673.195316758
Loire-Atlantique;Frossay;44061;FROSSAY;FR23068;industrial;NOx;9;8.1;µg/m3 eq NO2;horaire;2023-04-21 09:00:00;2023-04-21 10:00:00;True;-1.9365235553956817;47.24735229625331;326851.68236097385;6694673.195316758
Loire-Atlantique;Frossay;44061;FROSSAY;FR23068;industrial;PM10;5;28.0;µg/m3;horaire;2023-04-21 09:00:00;2023-04-21 10:00:00;True;-1.9365235553956817;47.24735229625331;326851.68236097385;6694673.195316758
Loire-Atlantique;Frossay;44061;FROSSAY;FR23068;industrial;SO2;1;0.0;µg/m3;horaire;2023-04-21 09:00:00;2023-04-21 10:00:00;True;-1.9365235553956817;47.24735229625331;326851.68236097385;6694673.195316758
Loire-Atlantique;Savenay;44195;SAVENAY;FR23069;industrial;SO2;1;0.45;µg/m3;horaire;2023-04-21 09:00:00;2023-04-21 10:00:00;True;-1.9535935295608815;47.36020691809557;326348.9822352358;6707265.42533564
Loire-Atlantique;Saint-Etienne-De-Montluc;44158;SAINT ETIENNE DE MONTLUC;FR23070;industrial;NO2;8;4.1;µg/m3;horaire;2023-04-21 09:00:00;2023-04-21 10:00:00;True;-1.7830812813449453;47.28312712300018;338676.42390903604;6697925.914501535
Loire-Atlantique;Saint-Etienne-De-Montluc;44158;SAINT ETIENNE DE MONTLUC;FR23070;industrial;NO;38;0.18;µg/m3;horaire;2023-04-21 09:00:00;2023-04-21 10:00:00;True;-1.7830812813449453;47.28312712300018;338676.42390903604;6697925.914501535
Loire-Atlantique;Saint-Etienne-De-Montluc;44158;SAINT ETIENNE DE MONTLUC;FR23070;industrial;NOx;9;4.4;µg/m3 eq NO2;horaire;2023-04-21 09:00:00;2023-04-21 10:00:00;True;-1.7830812813449453;47.28312712300018;338676.42390903604;6697925.914501535
Loire-Atlantique;Saint-Etienne-De-Montluc;44158;SAINT ETIENNE DE MONTLUC;FR23070;industrial;PM10;5;23.0;µg/m3;horaire;2023-04-21 09:00:00;2023-04-21 10:00:00;True;-1.7830812813449453;47.28312712300018;338676.42390903604;6697925.914501535
Loire-Atlantique;Saint-Etienne-De-Montluc;44158;SAINT ETIENNE DE MONTLUC;FR23070;industrial;PM2.5;6001;18.0;µg/m3;horaire;2023-04-21 09:00:00;2023-04-21 10:00:00;True;-1.7830812813449453;47.28312712300018;338676.42390903604;6697925.914501535
Loire-Atlantique;Saint-Etienne-De-Montluc;44158;SAINT ETIENNE DE MONTLUC;FR23070;industrial;SO2;1;2.3;µg/m3;horaire;2023-04-21 09:00:00;2023-04-21 10:00:00;True;-1.7830812813449453;47.28312712300018;338676.42390903604;6697925.914501535
Loire-Atlantique;Trignac;44210;JULES VERNE;FR23075;industrial;NO2;8;11.0;µg/m3;horaire;2023-04-21 09:00:00;2023-04-21 10:00:00;True;-2.1904076735030835;47.315645037165524;308186.02080619615;6703473.391126138
Loire-Atlantique;Trignac;44210;JULES VERNE;FR23075;industrial;NO;38;3.8;µg/m3;horaire;2023-04-21 09:00:00;2023-04-21 10:00:00;True;-2.1904076735030835;47.315645037165524;308186.02080619615;6703473.391126138
Loire-Atlantique;Trignac;44210;JULES VERNE;FR23075;industrial;NOx;9;17.0;µg/m3 eq NO2;horaire;2023-04-21 09:00:00;2023-04-21 10:00:00;True;-2.1904076735030835;47.315645037165524;308186.02080619615;6703473.391126138
Maine-et-Loire;Cholet;49099;SAINT EXUPERY;FR23078;background;NO2;8;7.3;µg/m3;horaire;2023-04-21 09:00:00;2023-04-21 10:00:00;True;-0.8835758137839181;47.055828646104125;405324.4925768649;6668979.670961294
Maine-et-Loire;Cholet;49099;SAINT EXUPERY;FR23078;background;NO;38;1.6;µg/m3;horaire;2023-04-21 09:00:00;2023-04-21 10:00:00;True;-0.8835758137839181;47.055828646104125;405324.4925768649;6668979.670961294
Maine-et-Loire;Cholet;49099;SAINT EXUPERY;FR23078;background;NOx;9;9.6;µg/m3 eq NO2;horaire;2023-04-21 09:00:00;2023-04-21 10:00:00;True;-0.8835758137839181;47.055828646104125;405324.4925768649;6668979.670961294
Maine-et-Loire;Cholet;49099;SAINT EXUPERY;FR23078;background;O3;7;85.0;µg/m3;horaire;2023-04-21 09:00:00;2023-04-21 10:00:00;True;-0.8835758137839181;47.055828646104125;405324.4925768649;6668979.670961294
Maine-et-Loire;Cholet;49099;SAINT EXUPERY;FR23078;background;PM10;5;20.0;µg/m3;horaire;2023-04-21 09:00:00;2023-04-21 10:00:00;True;-0.8835758137839181;47.055828646104125;405324.4925768649;6668979.670961294
Loire-Atlantique;Nantes;44109;LA CHAUVINIERE;FR23107;background;NO2;8;7.9;µg/m3;horaire;2023-04-21 09:00:00;2023-04-21 10:00:00;True;-1.5732745401793513;47.25291196744293;354313.2357701814;6693636.219563372
Loire-Atlantique;Nantes;44109;LA CHAUVINIERE;FR23107;background;NO;38;1.5;µg/m3;horaire;2023-04-21 09:00:00;2023-04-21 10:00:00;True;-1.5732745401793513;47.25291196744293;354313.2357701814;6693636.219563372
Loire-Atlantique;Nantes;44109;LA CHAUVINIERE;FR23107;background;NOx;9;10.0;µg/m3 eq NO2;horaire;2023-04-21 09:00:00;2023-04-21 10:00:00;True;-1.5732745401793513;47.25291196744293;354313.2357701814;6693636.219563372
Loire-Atlantique;Nantes;44109;LA CHAUVINIERE;FR23107;background;PM10;5;26.0;µg/m3;horaire;2023-04-21 09:00:00;2023-04-21 10:00:00;True;-1.5732745401793513;47.25291196744293;354313.2357701814;6693636.219563372
Loire-Atlantique;Nantes;44109;LA CHAUVINIERE;FR23107;background;PM2.5;6001;20.0;µg/m3;horaire;2023-04-21 09:00:00;2023-04-21 10:00:00;True;-1.5732745401793513;47.25291196744293;354313.2357701814;6693636.219563372
Loire-Atlantique;Saint-Nazaire;44184;LEON BLUM;FR23110;background;NO2;8;6.2;µg/m3;horaire;2023-04-21 09:00:00;2023-04-21 10:00:00;True;-2.2501538782724806;47.26411028437446;303302.1643903805;6698059.671526036
Loire-Atlantique;Saint-Nazaire;44184;LEON BLUM;FR23110;background;NO;38;1.9;µg/m3;horaire;2023-04-21 09:00:00;2023-04-21 10:00:00;True;-2.2501538782724806;47.26411028437446;303302.1643903805;6698059.671526036
Loire-Atlantique;Saint-Nazaire;44184;LEON BLUM;FR23110;background;NOx;9;9.1;µg/m3 eq NO2;horaire;2023-04-21 09:00:00;2023-04-21 10:00:00;True;-2.2501538782724806;47.26411028437446;303302.1643903805;6698059.671526036
Loire-Atlantique;Saint-Nazaire;44184;LEON BLUM;FR23110;background;O3;7;64.0;µg/m3;horaire;2023-04-21 09:00:00;2023-04-21 10:00:00;True;-2.2501538782724806;47.26411028437446;303302.1643903805;6698059.671526036
Loire-Atlantique;Saint-Nazaire;44184;LEON BLUM;FR23110;background;PM10;5;24.0;µg/m3;horaire;2023-04-21 09:00:00;2023-04-21 10:00:00;True;-2.2501538782724806;47.26411028437446;303302.1643903805;6698059.671526036
Loire-Atlantique;Saint-Nazaire;44184;LEON BLUM;FR23110;background;PM2.5;6001;9.0;µg/m3;horaire;2023-04-21 09:00:00;2023-04-21 10:00:00;True;-2.2501538782724806;47.26411028437446;303302.1643903805;6698059.671526036
Maine-et-Loire;Angers;49007;BEAUX ARTS;FR23120;background;NO2;8;8.5;µg/m3;horaire;2023-04-21 09:00:00;2023-04-21 10:00:00;True;-0.5559330038543386;47.46849236147444;432231.14920499554;6713600.72883131
Maine-et-Loire;Angers;49007;BEAUX ARTS;FR23120;background;NO;38;1.9;µg/m3;horaire;2023-04-21 09:00:00;2023-04-21 10:00:00;True;-0.5559330038543386;47.46849236147444;432231.14920499554;6713600.72883131
Maine-et-Loire;Angers;49007;BEAUX ARTS;FR23120;background;NOx;9;11.0;µg/m3 eq NO2;horaire;2023-04-21 09:00:00;2023-04-21 10:00:00;True;-0.5559330038543386;47.46849236147444;432231.14920499554;6713600.72883131
Maine-et-Loire;Angers;49007;BEAUX ARTS;FR23120;background;PM10;5;26.0;µg/m3;horaire;2023-04-21 09:00:00;2023-04-21 10:00:00;True;-0.5559330038543386;47.46849236147444;432231.14920499554;6713600.72883131
Maine-et-Loire;Angers;49007;BEAUX ARTS;FR23120;background;PM2.5;6001;21.0;µg/m3;horaire;2023-04-21 09:00:00;2023-04-21 10:00:00;True;-0.5559330038543386;47.46849236147444;432231.14920499554;6713600.72883131
Mayenne;Laval;53130;MAZAGRAN;FR23123;background;NO2;8;5.6;µg/m3;horaire;2023-04-21 09:00:00;2023-04-21 10:00:00;True;-0.7681529262800582;48.06936514490995;419447.0551375298;6781027.2411395665
Mayenne;Laval;53130;MAZAGRAN;FR23123;background;NO;38;0.9;µg/m3;horaire;2023-04-21 09:00:00;2023-04-21 10:00:00;True;-0.7681529262800582;48.06936514490995;419447.0551375298;6781027.2411395665
Mayenne;Laval;53130;MAZAGRAN;FR23123;background;NOx;9;7.1;µg/m3 eq NO2;horaire;2023-04-21 09:00:00;2023-04-21 10:00:00;True;-0.7681529262800582;48.06936514490995;419447.0551375298;6781027.2411395665
Mayenne;Laval;53130;MAZAGRAN;FR23123;background;O3;7;73.0;µg/m3;horaire;2023-04-21 09:00:00;2023-04-21 10:00:00;True;-0.7681529262800582;48.06936514490995;419447.0551375298;6781027.2411395665
Mayenne;Laval;53130;MAZAGRAN;FR23123;background;PM10;5;25.0;µg/m3;horaire;2023-04-21 09:00:00;2023-04-21 10:00:00;True;-0.7681529262800582;48.06936514490995;419447.0551375298;6781027.2411395665
Vendée;La Tardière;85289;LA TARDIERE;FR23124;background;NH3;35;4.9;µg/m3;horaire;2023-04-21 09:00:00;2023-04-21 10:00:00;True;-0.7433812921256286;46.65662489362803;413852.8420801177;6624178.2980740825
Vendée;La Tardière;85289;LA TARDIERE;FR23124;background;NO2;8;3.9;µg/m3;horaire;2023-04-21 09:00:00;2023-04-21 10:00:00;True;-0.7433812921256286;46.65662489362803;413852.8420801177;6624178.2980740825
Vendée;La Tardière;85289;LA TARDIERE;FR23124;background;NO;38;1.1;µg/m3;horaire;2023-04-21 09:00:00;2023-04-21 10:00:00;True;-0.7433812921256286;46.65662489362803;413852.8420801177;6624178.2980740825
Vendée;La Tardière;85289;LA TARDIERE;FR23124;background;NOx;9;5.4;µg/m3 eq NO2;horaire;2023-04-21 09:00:00;2023-04-21 10:00:00;True;-0.7433812921256286;46.65662489362803;413852.8420801177;6624178.2980740825
Vendée;La Tardière;85289;LA TARDIERE;FR23124;background;O3;7;83.0;µg/m3;horaire;2023-04-21 09:00:00;2023-04-21 10:00:00;True;-0.7433812921256286;46.65662489362803;413852.8420801177;6624178.2980740825
Vendée;La Tardière;85289;LA TARDIERE;FR23124;background;PM10;5;;µg/m3;horaire;2023-04-21 09:00:00;2023-04-21 10:00:00;False;-0.7433812921256286;46.65662489362803;413852.8420801177;6624178.2980740825
Vendée;La Tardière;85289;LA TARDIERE;FR23124;background;PM10;5;21.0;µg/m3;horaire;2023-04-21 09:00:00;2023-04-21 10:00:00;True;-0.7433812921256286;46.65662489362803;413852.8420801177;6624178.2980740825
Vendée;La Tardière;85289;LA TARDIERE;FR23124;background;PM2.5;6001;;µg/m3;horaire;2023-04-21 09:00:00;2023-04-21 10:00:00;False;-0.7433812921256286;46.65662489362803;413852.8420801177;6624178.2980740825
Loire-Atlantique;Paimbœuf;44116;CUTULLIC2;FR23149;industrial;SO2;1;1.7;µg/m3;horaire;2023-04-21 09:00:00;2023-04-21 10:00:00;True;-2.0324417113714177;47.28616795300179;319885.62629199366;6699433.757790069
Maine-et-Loire;Angers;49007;APPENTIS;FR23150;background;NO2;8;7.8;µg/m3;horaire;2023-04-21 09:00:00;2023-04-21 10:00:00;True;-0.5501000222079123;47.447336007801624;432564.4583844049;6711233.097282906
Maine-et-Loire;Angers;49007;APPENTIS;FR23150;background;NO;38;1.8;µg/m3;horaire;2023-04-21 09:00:00;2023-04-21 10:00:00;True;-0.5501000222079123;47.447336007801624;432564.4583844049;6711233.097282906
Maine-et-Loire;Angers;49007;APPENTIS;FR23150;background;NOx;9;11.0;µg/m3 eq NO2;horaire;2023-04-21 09:00:00;2023-04-21 10:00:00;True;-0.5501000222079123;47.447336007801624;432564.4583844049;6711233.097282906
Maine-et-Loire;Angers;49007;APPENTIS;FR23150;background;O3;7;76.0;µg/m3;horaire;2023-04-21 09:00:00;2023-04-21 10:00:00;True;-0.5501000222079123;47.447336007801624;432564.4583844049;6711233.097282906
Vendée;La Roche-Sur-Yon;85191;DELACROIX;FR23152;background;NO2;8;5.6;µg/m3;horaire;2023-04-21 09:00:00;2023-04-21 10:00:00;True;-1.4368610961896655;46.66064836113053;360919.2021133019;6627370.063373093
Vendée;La Roche-Sur-Yon;85191;DELACROIX;FR23152;background;NO;38;1.1;µg/m3;horaire;2023-04-21 09:00:00;2023-04-21 10:00:00;True;-1.4368610961896655;46.66064836113053;360919.2021133019;6627370.063373093
Vendée;La Roche-Sur-Yon;85191;DELACROIX;FR23152;background;NOx;9;7.2;µg/m3 eq NO2;horaire;2023-04-21 09:00:00;2023-04-21 10:00:00;True;-1.4368610961896655;46.66064836113053;360919.2021133019;6627370.063373093
Vendée;La Roche-Sur-Yon;85191;DELACROIX;FR23152;background;O3;7;79.0;µg/m3;horaire;2023-04-21 09:00:00;2023-04-21 10:00:00;True;-1.4368610961896655;46.66064836113053;360919.2021133019;6627370.063373093
Vendée;La Roche-Sur-Yon;85191;DELACROIX;FR23152;background;PM10;5;26.0;µg/m3;horaire;2023-04-21 09:00:00;2023-04-21 10:00:00;True;-1.4368610961896655;46.66064836113053;360919.2021133019;6627370.063373093
Vendée;La Roche-Sur-Yon;85191;DELACROIX;FR23152;background;PM2.5;6001;17.0;µg/m3;horaire;2023-04-21 09:00:00;2023-04-21 10:00:00;True;-1.4368610961896655;46.66064836113053;360919.2021133019;6627370.063373093
Loire-Atlantique;Bouaye;44018;EPINETTES;FR23157;background;O3;7;77.0;µg/m3;horaire;2023-04-21 09:00:00;2023-04-21 10:00:00;True;-1.6902690000000005;47.14608799999988;344775.68549371266;6682310.180873801
Sarthe;Spay;72344;FILLE;FR23163;background;O3;7;57.0;µg/m3;horaire;2023-04-21 09:00:00;2023-04-21 10:00:00;True;0.1518948064395943;47.92192248604607;487322.6743667995;6761783.716825325
Sarthe;Le Mans;72181;GUEDOU;FR23174;background;NO2;8;6.9;µg/m3;horaire;2023-04-21 09:00:00;2023-04-21 10:00:00;True;0.19605011554765286;47.98894827304624;490882.9153232856;6769108.857118812
Sarthe;Le Mans;72181;GUEDOU;FR23174;background;NO;38;2.2;µg/m3;horaire;2023-04-21 09:00:00;2023-04-21 10:00:00;True;0.19605011554765286;47.98894827304624;490882.9153232856;6769108.857118812
Sarthe;Le Mans;72181;GUEDOU;FR23174;background;NOx;9;10.0;µg/m3 eq NO2;horaire;2023-04-21 09:00:00;2023-04-21 10:00:00;True;0.19605011554765286;47.98894827304624;490882.9153232856;6769108.857118812
Maine-et-Loire;Bouchemaine;49035;CLOS DES BEAUVAIS;FR23175;background;O3;7;74.0;µg/m3;horaire;2023-04-21 09:00:00;2023-04-21 10:00:00;True;-0.6100060021346906;47.43011900354789;427967.33949541056;6709527.093695923
Mayenne;Saint-Denis-D'Anjou;53210;SAINT DENIS D'ANJOU;FR23177;background;NO;38;0.95;µg/m3;horaire;2023-04-21 09:00:00;2023-04-21 10:00:00;True;-0.4447696525665919;47.7883321330413;442146.2573931599;6748729.6000822345
Mayenne;Saint-Denis-D'Anjou;53210;SAINT DENIS D'ANJOU;FR23177;background;NO2;8;5.6;µg/m3;horaire;2023-04-21 09:00:00;2023-04-21 10:00:00;True;-0.4447696525665919;47.7883321330413;442146.2573931599;6748729.6000822345
Mayenne;Saint-Denis-D'Anjou;53210;SAINT DENIS D'ANJOU;FR23177;background;NOx;9;7.0;µg/m3 eq NO2;horaire;2023-04-21 09:00:00;2023-04-21 10:00:00;True;-0.4447696525665919;47.7883321330413;442146.2573931599;6748729.6000822345
Mayenne;Saint-Denis-D'Anjou;53210;SAINT DENIS D'ANJOU;FR23177;background;O3;7;69.0;µg/m3;horaire;2023-04-21 09:00:00;2023-04-21 10:00:00;True;-0.4447696525665919;47.7883321330413;442146.2573931599;6748729.6000822345
Mayenne;Saint-Denis-D'Anjou;53210;SAINT DENIS D'ANJOU;FR23177;background;PM10;5;27.0;µg/m3;horaire;2023-04-21 09:00:00;2023-04-21 10:00:00;True;-0.4447696525665919;47.7883321330413;442146.2573931599;6748729.6000822345
Loire-Atlantique;Donges;44052;PARSCAU DU PLESSIS;FR23178;industrial;NO;38;0.78;µg/m3;horaire;2023-04-21 09:00:00;2023-04-21 10:00:00;True;-2.06687664431583;47.318896029650766;317521.3409009125;6703228.095208768
Loire-Atlantique;Donges;44052;PARSCAU DU PLESSIS;FR23178;industrial;NO2;8;6.0;µg/m3;horaire;2023-04-21 09:00:00;2023-04-21 10:00:00;True;-2.06687664431583;47.318896029650766;317521.3409009125;6703228.095208768
Loire-Atlantique;Donges;44052;PARSCAU DU PLESSIS;FR23178;industrial;NOx;9;7.2;µg/m3 eq NO2;horaire;2023-04-21 09:00:00;2023-04-21 10:00:00;True;-2.06687664431583;47.318896029650766;317521.3409009125;6703228.095208768
Loire-Atlantique;Donges;44052;PARSCAU DU PLESSIS;FR23178;industrial;PM10;5;24.0;µg/m3;horaire;2023-04-21 09:00:00;2023-04-21 10:00:00;True;-2.06687664431583;47.318896029650766;317521.3409009125;6703228.095208768
Loire-Atlantique;Donges;44052;PARSCAU DU PLESSIS;FR23178;industrial;PM2.5;6001;18.0;µg/m3;horaire;2023-04-21 09:00:00;2023-04-21 10:00:00;True;-2.06687664431583;47.318896029650766;317521.3409009125;6703228.095208768
Loire-Atlantique;Donges;44052;PARSCAU DU PLESSIS;FR23178;industrial;SO2;1;0.3;µg/m3;horaire;2023-04-21 09:00:00;2023-04-21 10:00:00;True;-2.06687664431583;47.318896029650766;317521.3409009125;6703228.095208768
Loire-Atlantique;Saint-Nazaire;44184;PARC PAYSAGER;FR23181;background;NO;38;1.7;µg/m3;horaire;2023-04-21 09:00:00;2023-04-21 10:00:00;True;-2.2231753057476937;47.273129394194775;305403.8853541548;6698924.134703943
Loire-Atlantique;Saint-Nazaire;44184;PARC PAYSAGER;FR23181;background;NO2;8;7.8;µg/m3;horaire;2023-04-21 09:00:00;2023-04-21 10:00:00;True;-2.2231753057476937;47.273129394194775;305403.8853541548;6698924.134703943
Loire-Atlantique;Saint-Nazaire;44184;PARC PAYSAGER;FR23181;background;NOx;9;10.0;µg/m3 eq NO2;horaire;2023-04-21 09:00:00;2023-04-21 10:00:00;True;-2.2231753057476937;47.273129394194775;305403.8853541548;6698924.134703943
Loire-Atlantique;Saint-Nazaire;44184;PARC PAYSAGER;FR23181;background;SO2;1;0.73;µg/m3;horaire;2023-04-21 09:00:00;2023-04-21 10:00:00;True;-2.2231753057476937;47.273129394194775;305403.8853541548;6698924.134703943
Sarthe;Le Mans;72181;SOURCES;FR23182;background;NO2;8;6.0;µg/m3;horaire;2023-04-21 09:00:00;2023-04-21 10:00:00;True;0.2213390216306751;47.971141853614576;492698.55226572393;6767064.748575544
Sarthe;Le Mans;72181;SOURCES;FR23182;background;NO;38;2.7;µg/m3;horaire;2023-04-21 09:00:00;2023-04-21 10:00:00;True;0.2213390216306751;47.971141853614576;492698.55226572393;6767064.748575544
Sarthe;Le Mans;72181;SOURCES;FR23182;background;NOx;9;10.0;µg/m3 eq NO2;horaire;2023-04-21 09:00:00;2023-04-21 10:00:00;True;0.2213390216306751;47.971141853614576;492698.55226572393;6767064.748575544
Sarthe;Le Mans;72181;SOURCES;FR23182;background;O3;7;67.0;µg/m3;horaire;2023-04-21 09:00:00;2023-04-21 10:00:00;True;0.2213390216306751;47.971141853614576;492698.55226572393;6767064.748575544
Sarthe;Le Mans;72181;SOURCES;FR23182;background;PM10;5;22.0;µg/m3;horaire;2023-04-21 09:00:00;2023-04-21 10:00:00;True;0.2213390216306751;47.971141853614576;492698.55226572393;6767064.748575544
Sarthe;Le Mans;72181;SOURCES;FR23182;background;PM2.5;6001;22.0;µg/m3;horaire;2023-04-21 09:00:00;2023-04-21 10:00:00;True;0.2213390216306751;47.971141853614576;492698.55226572393;6767064.748575544
Loire-Atlantique;Nantes;44109;CIM BOUTEILLERIE;FR23188;background;BCwb;;16.0;%;horaire;2023-04-21 09:00:00;2023-04-21 10:00:00;True;-1.5374268258113177;47.22217589146574;356823.8361417605;6690071.409167136
Loire-Atlantique;Nantes;44109;CIM BOUTEILLERIE;FR23188;background;Hg;;0.29;ng/m3;horaire;2023-04-21 09:00:00;2023-04-21 10:00:00;True;-1.5374268258113177;47.22217589146574;356823.8361417605;6690071.409167136
Loire-Atlantique;Nantes;44109;CIM BOUTEILLERIE;FR23188;background;NO2;8;8.1;µg/m3;horaire;2023-04-21 09:00:00;2023-04-21 10:00:00;True;-1.5374268258113177;47.22217589146574;356823.8361417605;6690071.409167136
Loire-Atlantique;Nantes;44109;CIM BOUTEILLERIE;FR23188;background;NO;38;2.3;µg/m3;horaire;2023-04-21 09:00:00;2023-04-21 10:00:00;True;-1.5374268258113177;47.22217589146574;356823.8361417605;6690071.409167136
Loire-Atlantique;Nantes;44109;CIM BOUTEILLERIE;FR23188;background;NOx;9;12.0;µg/m3 eq NO2;horaire;2023-04-21 09:00:00;2023-04-21 10:00:00;True;-1.5374268258113177;47.22217589146574;356823.8361417605;6690071.409167136
Loire-Atlantique;Nantes;44109;CIM BOUTEILLERIE;FR23188;background;O3;7;68.0;µg/m3;horaire;2023-04-21 09:00:00;2023-04-21 10:00:00;True;-1.5374268258113177;47.22217589146574;356823.8361417605;6690071.409167136
Loire-Atlantique;Nantes;44109;CIM BOUTEILLERIE;FR23188;background;PM10;5;26.0;µg/m3;horaire;2023-04-21 09:00:00;2023-04-21 10:00:00;True;-1.5374268258113177;47.22217589146574;356823.8361417605;6690071.409167136
Loire-Atlantique;Nantes;44109;CIM BOUTEILLERIE;FR23188;background;PM2.5;6001;20.0;µg/m3;horaire;2023-04-21 09:00:00;2023-04-21 10:00:00;True;-1.5374268258113177;47.22217589146574;356823.8361417605;6690071.409167136
Loire-Atlantique;Nantes;44109;CIM BOUTEILLERIE;FR23188;background;PUF;;4728.0;P/cm3;horaire;2023-04-21 09:00:00;2023-04-21 10:00:00;True;-1.5374268258113177;47.22217589146574;356823.8361417605;6690071.409167136
Loire-Atlantique;Pornichet;44132;GASPARD;FR23230;background;O3;7;67.0;µg/m3;horaire;2023-04-21 09:00:00;2023-04-21 10:00:00;True;-2.3320669999999977;47.253055999964715;297039.3525861991;6697249.291127122
Loire-Atlantique;Rezé;44143;TRENTEMOULT;FR23238;specific;PM10;5;23.0;µg/m3;horaire;2023-04-21 09:00:00;2023-04-21 10:00:00;True;-1.5816779999999988;47.194146999964396;353300.20766508416;6687156.526597275
Loire-Atlantique;Rezé;44143;TRENTEMOULT;FR23238;specific;PM2.5;6001;15.0;µg/m3;horaire;2023-04-21 09:00:00;2023-04-21 10:00:00;True;-1.5816779999999988;47.194146999964396;353300.20766508416;6687156.526597275
Loire-Atlantique;Bouguenais;44020;LES COUETS;FR23239;industrial;NO2;8;8.5;µg/m3;horaire;2023-04-21 09:00:00;2023-04-21 10:00:00;True;-1.591496999999999;47.18591899996436;352504.9179813179;6686287.290819376
Loire-Atlantique;Bouguenais;44020;LES COUETS;FR23239;industrial;NO;38;3.4;µg/m3;horaire;2023-04-21 09:00:00;2023-04-21 10:00:00;True;-1.591496999999999;47.18591899996436;352504.9179813179;6686287.290819376
Loire-Atlantique;Bouguenais;44020;LES COUETS;FR23239;industrial;NOx;9;14.0;µg/m3 eq NO2;horaire;2023-04-21 09:00:00;2023-04-21 10:00:00;True;-1.591496999999999;47.18591899996436;352504.9179813179;6686287.290819376
Loire-Atlantique;Bouguenais;44020;LES COUETS;FR23239;industrial;PM10;5;23.0;µg/m3;horaire;2023-04-21 09:00:00;2023-04-21 10:00:00;True;-1.591496999999999;47.18591899996436;352504.9179813179;6686287.290819376
Loire-Atlantique;Bouguenais;44020;LES COUETS;FR23239;industrial;PM2.5;6001;13.0;µg/m3;horaire;2023-04-21 09:00:00;2023-04-21 10:00:00;True;-1.591496999999999;47.18591899996436;352504.9179813179;6686287.290819376
Maine-et-Loire;Angers;49007;ROI RENE;FR23242;traffic;NO;38;15.0;µg/m3;horaire;2023-04-21 09:00:00;2023-04-21 10:00:00;True;-0.5546410000000003;47.46693799998293;432320.60333853256;6713423.849690912
Maine-et-Loire;Angers;49007;ROI RENE;FR23242;traffic;NO2;8;22.0;µg/m3;horaire;2023-04-21 09:00:00;2023-04-21 10:00:00;True;-0.5546410000000003;47.46693799998293;432320.60333853256;6713423.849690912
Maine-et-Loire;Angers;49007;ROI RENE;FR23242;traffic;NOx;9;44.0;µg/m3 eq NO2;horaire;2023-04-21 09:00:00;2023-04-21 10:00:00;True;-0.5546410000000003;47.46693799998293;432320.60333853256;6713423.849690912
Maine-et-Loire;Angers;49007;ROI RENE;FR23242;traffic;PM10;5;29.0;µg/m3;horaire;2023-04-21 09:00:00;2023-04-21 10:00:00;True;-0.5546410000000003;47.46693799998293;432320.60333853256;6713423.849690912
Loire-Atlantique;Montoir-De-Bretagne;44103;CAMEE;FR23249;industrial;NO2;8;5.8;µg/m3;horaire;2023-04-21 09:00:00;2023-04-21 10:00:00;True;-2.1273331951941428;47.32113812654744;312980.25164916983;6703771.212179752
Loire-Atlantique;Montoir-De-Bretagne;44103;CAMEE;FR23249;industrial;NO;38;1.1;µg/m3;horaire;2023-04-21 09:00:00;2023-04-21 10:00:00;True;-2.1273331951941428;47.32113812654744;312980.25164916983;6703771.212179752
Loire-Atlantique;Montoir-De-Bretagne;44103;CAMEE;FR23249;industrial;NOx;9;7.3;µg/m3 eq NO2;horaire;2023-04-21 09:00:00;2023-04-21 10:00:00;True;-2.1273331951941428;47.32113812654744;312980.25164916983;6703771.212179752
Loire-Atlantique;Montoir-De-Bretagne;44103;CAMEE;FR23249;industrial;PM10;5;28.0;µg/m3;horaire;2023-04-21 09:00:00;2023-04-21 10:00:00;True;-2.1273331951941428;47.32113812654744;312980.25164916983;6703771.212179752
Loire-Atlantique;Montoir-De-Bretagne;44103;CAMEE;FR23249;industrial;PM2.5;6001;18.0;µg/m3;horaire;2023-04-21 09:00:00;2023-04-21 10:00:00;True;-2.1273331951941428;47.32113812654744;312980.25164916983;6703771.212179752
Loire-Atlantique;Montoir-De-Bretagne;44103;CAMEE;FR23249;industrial;SO2;1;3.0;µg/m3;horaire;2023-04-21 09:00:00;2023-04-21 10:00:00;True;-2.1273331951941428;47.32113812654744;312980.25164916983;6703771.212179752
Loire-Atlantique;Nantes;44109;FRERES GONCOURT;FR23251;traffic;C6H5-C2H5;431;0.26;µg/m3;horaire;2023-04-21 09:00:00;2023-04-21 10:00:00;True;-1.564803;47.23354499998231;354828.5774908221;6691451.497810739
Loire-Atlantique;Nantes;44109;FRERES GONCOURT;FR23251;traffic;C6H5-CH3;21;1.5;µg/m3;horaire;2023-04-21 09:00:00;2023-04-21 10:00:00;True;-1.564803;47.23354499998231;354828.5774908221;6691451.497810739
Loire-Atlantique;Nantes;44109;FRERES GONCOURT;FR23251;traffic;C6H6;20;1.1;µg/m3;horaire;2023-04-21 09:00:00;2023-04-21 10:00:00;True;-1.564803;47.23354499998231;354828.5774908221;6691451.497810739
Loire-Atlantique;Nantes;44109;FRERES GONCOURT;FR23251;traffic;CO;10;0.19;mg/m3;horaire;2023-04-21 09:00:00;2023-04-21 10:00:00;True;-1.564803;47.23354499998231;354828.5774908221;6691451.497810739
Loire-Atlantique;Nantes;44109;FRERES GONCOURT;FR23251;traffic;m,p-C6H4(CH3)2;464;0.86;µg/m3;horaire;2023-04-21 09:00:00;2023-04-21 10:00:00;True;-1.564803;47.23354499998231;354828.5774908221;6691451.497810739
Loire-Atlantique;Nantes;44109;FRERES GONCOURT;FR23251;traffic;NO;38;28.0;µg/m3;horaire;2023-04-21 09:00:00;2023-04-21 10:00:00;True;-1.564803;47.23354499998231;354828.5774908221;6691451.497810739
Loire-Atlantique;Nantes;44109;FRERES GONCOURT;FR23251;traffic;NO2;8;29.0;µg/m3;horaire;2023-04-21 09:00:00;2023-04-21 10:00:00;True;-1.564803;47.23354499998231;354828.5774908221;6691451.497810739
Loire-Atlantique;Nantes;44109;FRERES GONCOURT;FR23251;traffic;NOx;9;72.0;µg/m3 eq NO2;horaire;2023-04-21 09:00:00;2023-04-21 10:00:00;True;-1.564803;47.23354499998231;354828.5774908221;6691451.497810739
Loire-Atlantique;Nantes;44109;FRERES GONCOURT;FR23251;traffic;o-C6H4-(CH3)2;482;0.33;µg/m3;horaire;2023-04-21 09:00:00;2023-04-21 10:00:00;True;-1.564803;47.23354499998231;354828.5774908221;6691451.497810739
Loire-Atlantique;Nantes;44109;FRERES GONCOURT;FR23251;traffic;PM10;5;26.0;µg/m3;horaire;2023-04-21 09:00:00;2023-04-21 10:00:00;True;-1.564803;47.23354499998231;354828.5774908221;6691451.497810739
Loire-Atlantique;Nantes;44109;FRERES GONCOURT;FR23251;traffic;PM2.5;6001;14.0;µg/m3;horaire;2023-04-21 09:00:00;2023-04-21 10:00:00;True;-1.564803;47.23354499998231;354828.5774908221;6691451.497810739
Loire-Atlantique;Donges;44052;AMPERE;FR23001;industrial;SO2;1;0.45;µg/m3;horaire;2023-04-21 08:00:00;2023-04-21 09:00:00;True;-2.0813729293078014;47.324243646620644;316466.7822100732;6703891.209852793
Loire-Atlantique;Donges;44052;LA MEGRETAIS;FR23003;industrial;NO2;8;4.7;µg/m3;horaire;2023-04-21 08:00:00;2023-04-21 09:00:00;True;-2.039245335998521;47.322705228858595;319631.26531024784;6703516.8929397985
Loire-Atlantique;Donges;44052;LA MEGRETAIS;FR23003;industrial;NO;38;1.3;µg/m3;horaire;2023-04-21 08:00:00;2023-04-21 09:00:00;True;-2.039245335998521;47.322705228858595;319631.26531024784;6703516.8929397985
Loire-Atlantique;Donges;44052;LA MEGRETAIS;FR23003;industrial;NOx;9;6.7;µg/m3 eq NO2;horaire;2023-04-21 08:00:00;2023-04-21 09:00:00;True;-2.039245335998521;47.322705228858595;319631.26531024784;6703516.8929397985
Loire-Atlantique;Donges;44052;LA MEGRETAIS;FR23003;industrial;PM10;5;27.0;µg/m3;horaire;2023-04-21 08:00:00;2023-04-21 09:00:00;True;-2.039245335998521;47.322705228858595;319631.26531024784;6703516.8929397985
Loire-Atlantique;Donges;44052;LA MEGRETAIS;FR23003;industrial;PM2.5;6001;18.0;µg/m3;horaire;2023-04-21 08:00:00;2023-04-21 09:00:00;True;-2.039245335998521;47.322705228858595;319631.26531024784;6703516.8929397985
Loire-Atlantique;Donges;44052;LA MEGRETAIS;FR23003;industrial;SO2;1;0.13;µg/m3;horaire;2023-04-21 08:00:00;2023-04-21 09:00:00;True;-2.039245335998521;47.322705228858595;319631.26531024784;6703516.8929397985
Loire-Atlantique;Donges;44052;PASTEUR;FR23004;industrial;H2S;11;0.45;µg/m3;horaire;2023-04-21 08:00:00;2023-04-21 09:00:00;True;-2.073374401966883;47.31740262661712;317020.8741071;6703094.040787983
Loire-Atlantique;Donges;44052;PASTEUR;FR23004;industrial;SO2;1;1.1;µg/m3;horaire;2023-04-21 08:00:00;2023-04-21 09:00:00;True;-2.073374401966883;47.31740262661712;317020.8741071;6703094.040787983
Loire-Atlantique;Frossay;44061;FROSSAY;FR23068;industrial;NO2;8;8.9;µg/m3;horaire;2023-04-21 08:00:00;2023-04-21 09:00:00;True;-1.9365235553956817;47.24735229625331;326851.68236097385;6694673.195316758
Loire-Atlantique;Frossay;44061;FROSSAY;FR23068;industrial;NO;38;2.4;µg/m3;horaire;2023-04-21 08:00:00;2023-04-21 09:00:00;True;-1.9365235553956817;47.24735229625331;326851.68236097385;6694673.195316758
Loire-Atlantique;Frossay;44061;FROSSAY;FR23068;industrial;NOx;9;13.0;µg/m3 eq NO2;horaire;2023-04-21 08:00:00;2023-04-21 09:00:00;True;-1.9365235553956817;47.24735229625331;326851.68236097385;6694673.195316758
Loire-Atlantique;Frossay;44061;FROSSAY;FR23068;industrial;PM10;5;26.0;µg/m3;horaire;2023-04-21 08:00:00;2023-04-21 09:00:00;True;-1.9365235553956817;47.24735229625331;326851.68236097385;6694673.195316758
Loire-Atlantique;Frossay;44061;FROSSAY;FR23068;industrial;SO2;1;0.0;µg/m3;horaire;2023-04-21 08:00:00;2023-04-21 09:00:00;True;-1.9365235553956817;47.24735229625331;326851.68236097385;6694673.195316758
Loire-Atlantique;Savenay;44195;SAVENAY;FR23069;industrial;SO2;1;0.33;µg/m3;horaire;2023-04-21 08:00:00;2023-04-21 09:00:00;True;-1.9535935295608815;47.36020691809557;326348.9822352358;6707265.42533564
Loire-Atlantique;Saint-Etienne-De-Montluc;44158;SAINT ETIENNE DE MONTLUC;FR23070;industrial;NO2;8;6.7;µg/m3;horaire;2023-04-21 08:00:00;2023-04-21 09:00:00;True;-1.7830812813449453;47.28312712300018;338676.42390903604;6697925.914501535
Loire-Atlantique;Saint-Etienne-De-Montluc;44158;SAINT ETIENNE DE MONTLUC;FR23070;industrial;NO;38;1.5;µg/m3;horaire;2023-04-21 08:00:00;2023-04-21 09:00:00;True;-1.7830812813449453;47.28312712300018;338676.42390903604;6697925.914501535
Loire-Atlantique;Saint-Etienne-De-Montluc;44158;SAINT ETIENNE DE MONTLUC;FR23070;industrial;NOx;9;8.9;µg/m3 eq NO2;horaire;2023-04-21 08:00:00;2023-04-21 09:00:00;True;-1.7830812813449453;47.28312712300018;338676.42390903604;6697925.914501535
Loire-Atlantique;Saint-Etienne-De-Montluc;44158;SAINT ETIENNE DE MONTLUC;FR23070;industrial;PM10;5;24.0;µg/m3;horaire;2023-04-21 08:00:00;2023-04-21 09:00:00;True;-1.7830812813449453;47.28312712300018;338676.42390903604;6697925.914501535
Loire-Atlantique;Saint-Etienne-De-Montluc;44158;SAINT ETIENNE DE MONTLUC;FR23070;industrial;PM2.5;6001;18.0;µg/m3;horaire;2023-04-21 08:00:00;2023-04-21 09:00:00;True;-1.7830812813449453;47.28312712300018;338676.42390903604;6697925.914501535
Loire-Atlantique;Saint-Etienne-De-Montluc;44158;SAINT ETIENNE DE MONTLUC;FR23070;industrial;SO2;1;2.0;µg/m3;horaire;2023-04-21 08:00:00;2023-04-21 09:00:00;True;-1.7830812813449453;47.28312712300018;338676.42390903604;6697925.914501535
Loire-Atlantique;Trignac;44210;JULES VERNE;FR23075;industrial;NO2;8;12.0;µg/m3;horaire;2023-04-21 08:00:00;2023-04-21 09:00:00;True;-2.1904076735030835;47.315645037165524;308186.02080619615;6703473.391126138
Loire-Atlantique;Trignac;44210;JULES VERNE;FR23075;industrial;NO;38;4.6;µg/m3;horaire;2023-04-21 08:00:00;2023-04-21 09:00:00;True;-2.1904076735030835;47.315645037165524;308186.02080619615;6703473.391126138
Loire-Atlantique;Trignac;44210;JULES VERNE;FR23075;industrial;NOx;9;19.0;µg/m3 eq NO2;horaire;2023-04-21 08:00:00;2023-04-21 09:00:00;True;-2.1904076735030835;47.315645037165524;308186.02080619615;6703473.391126138
Maine-et-Loire;Cholet;49099;SAINT EXUPERY;FR23078;background;NO2;8;7.3;µg/m3;horaire;2023-04-21 08:00:00;2023-04-21 09:00:00;True;-0.8835758137839181;47.055828646104125;405324.4925768649;6668979.670961294
Maine-et-Loire;Cholet;49099;SAINT EXUPERY;FR23078;background;NO;38;1.5;µg/m3;horaire;2023-04-21 08:00:00;2023-04-21 09:00:00;True;-0.8835758137839181;47.055828646104125;405324.4925768649;6668979.670961294
Maine-et-Loire;Cholet;49099;SAINT EXUPERY;FR23078;background;NOx;9;9.4;µg/m3 eq NO2;horaire;2023-04-21 08:00:00;2023-04-21 09:00:00;True;-0.8835758137839181;47.055828646104125;405324.4925768649;6668979.670961294
Maine-et-Loire;Cholet;49099;SAINT EXUPERY;FR23078;background;O3;7;81.0;µg/m3;horaire;2023-04-21 08:00:00;2023-04-21 09:00:00;True;-0.8835758137839181;47.055828646104125;405324.4925768649;6668979.670961294
Maine-et-Loire;Cholet;49099;SAINT EXUPERY;FR23078;background;PM10;5;19.0;µg/m3;horaire;2023-04-21 08:00:00;2023-04-21 09:00:00;True;-0.8835758137839181;47.055828646104125;405324.4925768649;6668979.670961294
Loire-Atlantique;Nantes;44109;LA CHAUVINIERE;FR23107;background;NO2;8;8.1;µg/m3;horaire;2023-04-21 08:00:00;2023-04-21 09:00:00;True;-1.5732745401793513;47.25291196744293;354313.2357701814;6693636.219563372
Loire-Atlantique;Nantes;44109;LA CHAUVINIERE;FR23107;background;NO;38;2.0;µg/m3;horaire;2023-04-21 08:00:00;2023-04-21 09:00:00;True;-1.5732745401793513;47.25291196744293;354313.2357701814;6693636.219563372
Loire-Atlantique;Nantes;44109;LA CHAUVINIERE;FR23107;background;NOx;9;11.0;µg/m3 eq NO2;horaire;2023-04-21 08:00:00;2023-04-21 09:00:00;True;-1.5732745401793513;47.25291196744293;354313.2357701814;6693636.219563372
Loire-Atlantique;Nantes;44109;LA CHAUVINIERE;FR23107;background;PM10;5;23.0;µg/m3;horaire;2023-04-21 08:00:00;2023-04-21 09:00:00;True;-1.5732745401793513;47.25291196744293;354313.2357701814;6693636.219563372
Loire-Atlantique;Nantes;44109;LA CHAUVINIERE;FR23107;background;PM2.5;6001;18.0;µg/m3;horaire;2023-04-21 08:00:00;2023-04-21 09:00:00;True;-1.5732745401793513;47.25291196744293;354313.2357701814;6693636.219563372
Loire-Atlantique;Saint-Nazaire;44184;LEON BLUM;FR23110;background;NO2;8;5.9;µg/m3;horaire;2023-04-21 08:00:00;2023-04-21 09:00:00;True;-2.2501538782724806;47.26411028437446;303302.1643903805;6698059.671526036
Loire-Atlantique;Saint-Nazaire;44184;LEON BLUM;FR23110;background;NO;38;2.0;µg/m3;horaire;2023-04-21 08:00:00;2023-04-21 09:00:00;True;-2.2501538782724806;47.26411028437446;303302.1643903805;6698059.671526036
Loire-Atlantique;Saint-Nazaire;44184;LEON BLUM;FR23110;background;NOx;9;9.0;µg/m3 eq NO2;horaire;2023-04-21 08:00:00;2023-04-21 09:00:00;True;-2.2501538782724806;47.26411028437446;303302.1643903805;6698059.671526036
Loire-Atlantique;Saint-Nazaire;44184;LEON BLUM;FR23110;background;O3;7;52.0;µg/m3;horaire;2023-04-21 08:00:00;2023-04-21 09:00:00;True;-2.2501538782724806;47.26411028437446;303302.1643903805;6698059.671526036
Loire-Atlantique;Saint-Nazaire;44184;LEON BLUM;FR23110;background;PM10;5;25.0;µg/m3;horaire;2023-04-21 08:00:00;2023-04-21 09:00:00;True;-2.2501538782724806;47.26411028437446;303302.1643903805;6698059.671526036
Loire-Atlantique;Saint-Nazaire;44184;LEON BLUM;FR23110;background;PM2.5;6001;9.6;µg/m3;horaire;2023-04-21 08:00:00;2023-04-21 09:00:00;True;-2.2501538782724806;47.26411028437446;303302.1643903805;6698059.671526036
Maine-et-Loire;Angers;49007;BEAUX ARTS;FR23120;background;NO2;8;9.5;µg/m3;horaire;2023-04-21 08:00:00;2023-04-21 09:00:00;True;-0.5559330038543386;47.46849236147444;432231.14920499554;6713600.72883131
Maine-et-Loire;Angers;49007;BEAUX ARTS;FR23120;background;NO;38;2.1;µg/m3;horaire;2023-04-21 08:00:00;2023-04-21 09:00:00;True;-0.5559330038543386;47.46849236147444;432231.14920499554;6713600.72883131
Maine-et-Loire;Angers;49007;BEAUX ARTS;FR23120;background;NOx;9;13.0;µg/m3 eq NO2;horaire;2023-04-21 08:00:00;2023-04-21 09:00:00;True;-0.5559330038543386;47.46849236147444;432231.14920499554;6713600.72883131
Maine-et-Loire;Angers;49007;BEAUX ARTS;FR23120;background;PM10;5;32.0;µg/m3;horaire;2023-04-21 08:00:00;2023-04-21 09:00:00;True;-0.5559330038543386;47.46849236147444;432231.14920499554;6713600.72883131
Maine-et-Loire;Angers;49007;BEAUX ARTS;FR23120;background;PM2.5;6001;26.0;µg/m3;horaire;2023-04-21 08:00:00;2023-04-21 09:00:00;True;-0.5559330038543386;47.46849236147444;432231.14920499554;6713600.72883131
Mayenne;Laval;53130;MAZAGRAN;FR23123;background;NO2;8;8.7;µg/m3;horaire;2023-04-21 08:00:00;2023-04-21 09:00:00;True;-0.7681529262800582;48.06936514490995;419447.0551375298;6781027.2411395665
Mayenne;Laval;53130;MAZAGRAN;FR23123;background;NO;38;2.4;µg/m3;horaire;2023-04-21 08:00:00;2023-04-21 09:00:00;True;-0.7681529262800582;48.06936514490995;419447.0551375298;6781027.2411395665
Mayenne;Laval;53130;MAZAGRAN;FR23123;background;NOx;9;12.0;µg/m3 eq NO2;horaire;2023-04-21 08:00:00;2023-04-21 09:00:00;True;-0.7681529262800582;48.06936514490995;419447.0551375298;6781027.2411395665
Mayenne;Laval;53130;MAZAGRAN;FR23123;background;O3;7;56.0;µg/m3;horaire;2023-04-21 08:00:00;2023-04-21 09:00:00;True;-0.7681529262800582;48.06936514490995;419447.0551375298;6781027.2411395665
Mayenne;Laval;53130;MAZAGRAN;FR23123;background;PM10;5;27.0;µg/m3;horaire;2023-04-21 08:00:00;2023-04-21 09:00:00;True;-0.7681529262800582;48.06936514490995;419447.0551375298;6781027.2411395665
Vendée;La Tardière;85289;LA TARDIERE;FR23124;background;NH3;35;4.6;µg/m3;horaire;2023-04-21 08:00:00;2023-04-21 09:00:00;True;-0.7433812921256286;46.65662489362803;413852.8420801177;6624178.2980740825
Vendée;La Tardière;85289;LA TARDIERE;FR23124;background;NO2;8;4.7;µg/m3;horaire;2023-04-21 08:00:00;2023-04-21 09:00:00;True;-0.7433812921256286;46.65662489362803;413852.8420801177;6624178.2980740825
Vendée;La Tardière;85289;LA TARDIERE;FR23124;background;NO;38;1.1;µg/m3;horaire;2023-04-21 08:00:00;2023-04-21 09:00:00;True;-0.7433812921256286;46.65662489362803;413852.8420801177;6624178.2980740825
Vendée;La Tardière;85289;LA TARDIERE;FR23124;background;NOx;9;6.3;µg/m3 eq NO2;horaire;2023-04-21 08:00:00;2023-04-21 09:00:00;True;-0.7433812921256286;46.65662489362803;413852.8420801177;6624178.2980740825
Vendée;La Tardière;85289;LA TARDIERE;FR23124;background;O3;7;75.0;µg/m3;horaire;2023-04-21 08:00:00;2023-04-21 09:00:00;True;-0.7433812921256286;46.65662489362803;413852.8420801177;6624178.2980740825
Vendée;La Tardière;85289;LA TARDIERE;FR23124;background;PM10;5;;µg/m3;horaire;2023-04-21 08:00:00;2023-04-21 09:00:00;False;-0.7433812921256286;46.65662489362803;413852.8420801177;6624178.2980740825
Vendée;La Tardière;85289;LA TARDIERE;FR23124;background;PM10;5;27.0;µg/m3;horaire;2023-04-21 08:00:00;2023-04-21 09:00:00;True;-0.7433812921256286;46.65662489362803;413852.8420801177;6624178.2980740825
Vendée;La Tardière;85289;LA TARDIERE;FR23124;background;PM2.5;6001;;µg/m3;horaire;2023-04-21 08:00:00;2023-04-21 09:00:00;False;-0.7433812921256286;46.65662489362803;413852.8420801177;6624178.2980740825
Loire-Atlantique;Paimbœuf;44116;CUTULLIC2;FR23149;industrial;SO2;1;1.5;µg/m3;horaire;2023-04-21 08:00:00;2023-04-21 09:00:00;True;-2.0324417113714177;47.28616795300179;319885.62629199366;6699433.757790069
Maine-et-Loire;Angers;49007;APPENTIS;FR23150;background;NO2;8;9.5;µg/m3;horaire;2023-04-21 08:00:00;2023-04-21 09:00:00;True;-0.5501000222079123;47.447336007801624;432564.4583844049;6711233.097282906
Maine-et-Loire;Angers;49007;APPENTIS;FR23150;background;NO;38;2.3;µg/m3;horaire;2023-04-21 08:00:00;2023-04-21 09:00:00;True;-0.5501000222079123;47.447336007801624;432564.4583844049;6711233.097282906
Maine-et-Loire;Angers;49007;APPENTIS;FR23150;background;NOx;9;13.0;µg/m3 eq NO2;horaire;2023-04-21 08:00:00;2023-04-21 09:00:00;True;-0.5501000222079123;47.447336007801624;432564.4583844049;6711233.097282906
Maine-et-Loire;Angers;49007;APPENTIS;FR23150;background;O3;7;62.0;µg/m3;horaire;2023-04-21 08:00:00;2023-04-21 09:00:00;True;-0.5501000222079123;47.447336007801624;432564.4583844049;6711233.097282906
Vendée;La Roche-Sur-Yon;85191;DELACROIX;FR23152;background;NO2;8;7.3;µg/m3;horaire;2023-04-21 08:00:00;2023-04-21 09:00:00;True;-1.4368610961896655;46.66064836113053;360919.2021133019;6627370.063373093
Vendée;La Roche-Sur-Yon;85191;DELACROIX;FR23152;background;NO;38;1.5;µg/m3;horaire;2023-04-21 08:00:00;2023-04-21 09:00:00;True;-1.4368610961896655;46.66064836113053;360919.2021133019;6627370.063373093
Vendée;La Roche-Sur-Yon;85191;DELACROIX;FR23152;background;NOx;9;9.6;µg/m3 eq NO2;horaire;2023-04-21 08:00:00;2023-04-21 09:00:00;True;-1.4368610961896655;46.66064836113053;360919.2021133019;6627370.063373093
Vendée;La Roche-Sur-Yon;85191;DELACROIX;FR23152;background;O3;7;73.0;µg/m3;horaire;2023-04-21 08:00:00;2023-04-21 09:00:00;True;-1.4368610961896655;46.66064836113053;360919.2021133019;6627370.063373093
Vendée;La Roche-Sur-Yon;85191;DELACROIX;FR23152;background;PM10;5;23.0;µg/m3;horaire;2023-04-21 08:00:00;2023-04-21 09:00:00;True;-1.4368610961896655;46.66064836113053;360919.2021133019;6627370.063373093
Vendée;La Roche-Sur-Yon;85191;DELACROIX;FR23152;background;PM2.5;6001;15.0;µg/m3;horaire;2023-04-21 08:00:00;2023-04-21 09:00:00;True;-1.4368610961896655;46.66064836113053;360919.2021133019;6627370.063373093
Loire-Atlantique;Bouaye;44018;EPINETTES;FR23157;background;O3;7;72.0;µg/m3;horaire;2023-04-21 08:00:00;2023-04-21 09:00:00;True;-1.6902690000000005;47.14608799999988;344775.68549371266;6682310.180873801
Sarthe;Spay;72344;FILLE;FR23163;background;O3;7;48.0;µg/m3;horaire;2023-04-21 08:00:00;2023-04-21 09:00:00;True;0.1518948064395943;47.92192248604607;487322.6743667995;6761783.716825325
Sarthe;Le Mans;72181;GUEDOU;FR23174;background;NO2;8;9.1;µg/m3;horaire;2023-04-21 08:00:00;2023-04-21 09:00:00;True;0.19605011554765286;47.98894827304624;490882.9153232856;6769108.857118812
Sarthe;Le Mans;72181;GUEDOU;FR23174;background;NO;38;3.1;µg/m3;horaire;2023-04-21 08:00:00;2023-04-21 09:00:00;True;0.19605011554765286;47.98894827304624;490882.9153232856;6769108.857118812
Sarthe;Le Mans;72181;GUEDOU;FR23174;background;NOx;9;14.0;µg/m3 eq NO2;horaire;2023-04-21 08:00:00;2023-04-21 09:00:00;True;0.19605011554765286;47.98894827304624;490882.9153232856;6769108.857118812
Maine-et-Loire;Bouchemaine;49035;CLOS DES BEAUVAIS;FR23175;background;O3;7;59.0;µg/m3;horaire;2023-04-21 08:00:00;2023-04-21 09:00:00;True;-0.6100060021346906;47.43011900354789;427967.33949541056;6709527.093695923
Mayenne;Saint-Denis-D'Anjou;53210;SAINT DENIS D'ANJOU;FR23177;background;NO;38;1.3;µg/m3;horaire;2023-04-21 08:00:00;2023-04-21 09:00:00;True;-0.4447696525665919;47.7883321330413;442146.2573931599;6748729.6000822345
Mayenne;Saint-Denis-D'Anjou;53210;SAINT DENIS D'ANJOU;FR23177;background;NO2;8;5.7;µg/m3;horaire;2023-04-21 08:00:00;2023-04-21 09:00:00;True;-0.4447696525665919;47.7883321330413;442146.2573931599;6748729.6000822345
Mayenne;Saint-Denis-D'Anjou;53210;SAINT DENIS D'ANJOU;FR23177;background;NOx;9;7.8;µg/m3 eq NO2;horaire;2023-04-21 08:00:00;2023-04-21 09:00:00;True;-0.4447696525665919;47.7883321330413;442146.2573931599;6748729.6000822345
Mayenne;Saint-Denis-D'Anjou;53210;SAINT DENIS D'ANJOU;FR23177;background;O3;7;57.0;µg/m3;horaire;2023-04-21 08:00:00;2023-04-21 09:00:00;True;-0.4447696525665919;47.7883321330413;442146.2573931599;6748729.6000822345
Mayenne;Saint-Denis-D'Anjou;53210;SAINT DENIS D'ANJOU;FR23177;background;PM10;5;28.0;µg/m3;horaire;2023-04-21 08:00:00;2023-04-21 09:00:00;True;-0.4447696525665919;47.7883321330413;442146.2573931599;6748729.6000822345
Loire-Atlantique;Donges;44052;PARSCAU DU PLESSIS;FR23178;industrial;NO;38;0.93;µg/m3;horaire;2023-04-21 08:00:00;2023-04-21 09:00:00;True;-2.06687664431583;47.318896029650766;317521.3409009125;6703228.095208768
Loire-Atlantique;Donges;44052;PARSCAU DU PLESSIS;FR23178;industrial;NO2;8;5.8;µg/m3;horaire;2023-04-21 08:00:00;2023-04-21 09:00:00;True;-2.06687664431583;47.318896029650766;317521.3409009125;6703228.095208768
Loire-Atlantique;Donges;44052;PARSCAU DU PLESSIS;FR23178;industrial;NOx;9;7.2;µg/m3 eq NO2;horaire;2023-04-21 08:00:00;2023-04-21 09:00:00;True;-2.06687664431583;47.318896029650766;317521.3409009125;6703228.095208768
Loire-Atlantique;Donges;44052;PARSCAU DU PLESSIS;FR23178;industrial;PM10;5;23.0;µg/m3;horaire;2023-04-21 08:00:00;2023-04-21 09:00:00;True;-2.06687664431583;47.318896029650766;317521.3409009125;6703228.095208768
Loire-Atlantique;Donges;44052;PARSCAU DU PLESSIS;FR23178;industrial;PM2.5;6001;18.0;µg/m3;horaire;2023-04-21 08:00:00;2023-04-21 09:00:00;True;-2.06687664431583;47.318896029650766;317521.3409009125;6703228.095208768
Loire-Atlantique;Donges;44052;PARSCAU DU PLESSIS;FR23178;industrial;SO2;1;0.0;µg/m3;horaire;2023-04-21 08:00:00;2023-04-21 09:00:00;True;-2.06687664431583;47.318896029650766;317521.3409009125;6703228.095208768
Loire-Atlantique;Saint-Nazaire;44184;PARC PAYSAGER;FR23181;background;NO;38;2.2;µg/m3;horaire;2023-04-21 08:00:00;2023-04-21 09:00:00;True;-2.2231753057476937;47.273129394194775;305403.8853541548;6698924.134703943
Loire-Atlantique;Saint-Nazaire;44184;PARC PAYSAGER;FR23181;background;NO2;8;8.9;µg/m3;horaire;2023-04-21 08:00:00;2023-04-21 09:00:00;True;-2.2231753057476937;47.273129394194775;305403.8853541548;6698924.134703943
Loire-Atlantique;Saint-Nazaire;44184;PARC PAYSAGER;FR23181;background;NOx;9;12.0;µg/m3 eq NO2;horaire;2023-04-21 08:00:00;2023-04-21 09:00:00;True;-2.2231753057476937;47.273129394194775;305403.8853541548;6698924.134703943
Loire-Atlantique;Saint-Nazaire;44184;PARC PAYSAGER;FR23181;background;SO2;1;0.7;µg/m3;horaire;2023-04-21 08:00:00;2023-04-21 09:00:00;True;-2.2231753057476937;47.273129394194775;305403.8853541548;6698924.134703943
Sarthe;Le Mans;72181;SOURCES;FR23182;background;NO2;8;9.0;µg/m3;horaire;2023-04-21 08:00:00;2023-04-21 09:00:00;True;0.2213390216306751;47.971141853614576;492698.55226572393;6767064.748575544
Sarthe;Le Mans;72181;SOURCES;FR23182;background;NO;38;4.4;µg/m3;horaire;2023-04-21 08:00:00;2023-04-21 09:00:00;True;0.2213390216306751;47.971141853614576;492698.55226572393;6767064.748575544
Sarthe;Le Mans;72181;SOURCES;FR23182;background;NOx;9;16.0;µg/m3 eq NO2;horaire;2023-04-21 08:00:00;2023-04-21 09:00:00;True;0.2213390216306751;47.971141853614576;492698.55226572393;6767064.748575544
Sarthe;Le Mans;72181;SOURCES;FR23182;background;O3;7;49.0;µg/m3;horaire;2023-04-21 08:00:00;2023-04-21 09:00:00;True;0.2213390216306751;47.971141853614576;492698.55226572393;6767064.748575544
Sarthe;Le Mans;72181;SOURCES;FR23182;background;PM10;5;28.0;µg/m3;horaire;2023-04-21 08:00:00;2023-04-21 09:00:00;True;0.2213390216306751;47.971141853614576;492698.55226572393;6767064.748575544
Sarthe;Le Mans;72181;SOURCES;FR23182;background;PM2.5;6001;28.0;µg/m3;horaire;2023-04-21 08:00:00;2023-04-21 09:00:00;True;0.2213390216306751;47.971141853614576;492698.55226572393;6767064.748575544
Loire-Atlantique;Nantes;44109;CIM BOUTEILLERIE;FR23188;background;BCwb;;17.0;%;horaire;2023-04-21 08:00:00;2023-04-21 09:00:00;True;-1.5374268258113177;47.22217589146574;356823.8361417605;6690071.409167136
Loire-Atlantique;Nantes;44109;CIM BOUTEILLERIE;FR23188;background;Hg;;0.3;ng/m3;horaire;2023-04-21 08:00:00;2023-04-21 09:00:00;True;-1.5374268258113177;47.22217589146574;356823.8361417605;6690071.409167136
Loire-Atlantique;Nantes;44109;CIM BOUTEILLERIE;FR23188;background;NO2;8;8.5;µg/m3;horaire;2023-04-21 08:00:00;2023-04-21 09:00:00;True;-1.5374268258113177;47.22217589146574;356823.8361417605;6690071.409167136
Loire-Atlantique;Nantes;44109;CIM BOUTEILLERIE;FR23188;background;NO;38;2.3;µg/m3;horaire;2023-04-21 08:00:00;2023-04-21 09:00:00;True;-1.5374268258113177;47.22217589146574;356823.8361417605;6690071.409167136
Loire-Atlantique;Nantes;44109;CIM BOUTEILLERIE;FR23188;background;NOx;9;12.0;µg/m3 eq NO2;horaire;2023-04-21 08:00:00;2023-04-21 09:00:00;True;-1.5374268258113177;47.22217589146574;356823.8361417605;6690071.409167136
Loire-Atlantique;Nantes;44109;CIM BOUTEILLERIE;FR23188;background;O3;7;61.0;µg/m3;horaire;2023-04-21 08:00:00;2023-04-21 09:00:00;True;-1.5374268258113177;47.22217589146574;356823.8361417605;6690071.409167136
Loire-Atlantique;Nantes;44109;CIM BOUTEILLERIE;FR23188;background;PM10;5;24.0;µg/m3;horaire;2023-04-21 08:00:00;2023-04-21 09:00:00;True;-1.5374268258113177;47.22217589146574;356823.8361417605;6690071.409167136
Loire-Atlantique;Nantes;44109;CIM BOUTEILLERIE;FR23188;background;PM2.5;6001;18.0;µg/m3;horaire;2023-04-21 08:00:00;2023-04-21 09:00:00;True;-1.5374268258113177;47.22217589146574;356823.8361417605;6690071.409167136
Loire-Atlantique;Nantes;44109;CIM BOUTEILLERIE;FR23188;background;PUF;;4610.0;P/cm3;horaire;2023-04-21 08:00:00;2023-04-21 09:00:00;True;-1.5374268258113177;47.22217589146574;356823.8361417605;6690071.409167136
Loire-Atlantique;Pornichet;44132;GASPARD;FR23230;background;O3;7;54.0;µg/m3;horaire;2023-04-21 08:00:00;2023-04-21 09:00:00;True;-2.3320669999999977;47.253055999964715;297039.3525861991;6697249.291127122
Loire-Atlantique;Rezé;44143;TRENTEMOULT;FR23238;specific;PM10;5;25.0;µg/m3;horaire;2023-04-21 08:00:00;2023-04-21 09:00:00;True;-1.5816779999999988;47.194146999964396;353300.20766508416;6687156.526597275
Loire-Atlantique;Rezé;44143;TRENTEMOULT;FR23238;specific;PM2.5;6001;15.0;µg/m3;horaire;2023-04-21 08:00:00;2023-04-21 09:00:00;True;-1.5816779999999988;47.194146999964396;353300.20766508416;6687156.526597275
Loire-Atlantique;Bouguenais;44020;LES COUETS;FR23239;industrial;NO2;8;9.1;µg/m3;horaire;2023-04-21 08:00:00;2023-04-21 09:00:00;True;-1.591496999999999;47.18591899996436;352504.9179813179;6686287.290819376
Loire-Atlantique;Bouguenais;44020;LES COUETS;FR23239;industrial;NO;38;3.0;µg/m3;horaire;2023-04-21 08:00:00;2023-04-21 09:00:00;True;-1.591496999999999;47.18591899996436;352504.9179813179;6686287.290819376
Loire-Atlantique;Bouguenais;44020;LES COUETS;FR23239;industrial;NOx;9;14.0;µg/m3 eq NO2;horaire;2023-04-21 08:00:00;2023-04-21 09:00:00;True;-1.591496999999999;47.18591899996436;352504.9179813179;6686287.290819376
Loire-Atlantique;Bouguenais;44020;LES COUETS;FR23239;industrial;PM10;5;22.0;µg/m3;horaire;2023-04-21 08:00:00;2023-04-21 09:00:00;True;-1.591496999999999;47.18591899996436;352504.9179813179;6686287.290819376
Loire-Atlantique;Bouguenais;44020;LES COUETS;FR23239;industrial;PM2.5;6001;13.0;µg/m3;horaire;2023-04-21 08:00:00;2023-04-21 09:00:00;True;-1.591496999999999;47.18591899996436;352504.9179813179;6686287.290819376
Maine-et-Loire;Angers;49007;ROI RENE;FR23242;traffic;NO;38;14.0;µg/m3;horaire;2023-04-21 08:00:00;2023-04-21 09:00:00;True;-0.5546410000000003;47.46693799998293;432320.60333853256;6713423.849690912
Maine-et-Loire;Angers;49007;ROI RENE;FR23242;traffic;NO2;8;23.0;µg/m3;horaire;2023-04-21 08:00:00;2023-04-21 09:00:00;True;-0.5546410000000003;47.46693799998293;432320.60333853256;6713423.849690912
Maine-et-Loire;Angers;49007;ROI RENE;FR23242;traffic;NOx;9;44.0;µg/m3 eq NO2;horaire;2023-04-21 08:00:00;2023-04-21 09:00:00;True;-0.5546410000000003;47.46693799998293;432320.60333853256;6713423.849690912
Maine-et-Loire;Angers;49007;ROI RENE;FR23242;traffic;PM10;5;28.0;µg/m3;horaire;2023-04-21 08:00:00;2023-04-21 09:00:00;True;-0.5546410000000003;47.46693799998293;432320.60333853256;6713423.849690912
Loire-Atlantique;Montoir-De-Bretagne;44103;CAMEE;FR23249;industrial;NO2;8;6.1;µg/m3;horaire;2023-04-21 08:00:00;2023-04-21 09:00:00;True;-2.1273331951941428;47.32113812654744;312980.25164916983;6703771.212179752
Loire-Atlantique;Montoir-De-Bretagne;44103;CAMEE;FR23249;industrial;NO;38;1.7;µg/m3;horaire;2023-04-21 08:00:00;2023-04-21 09:00:00;True;-2.1273331951941428;47.32113812654744;312980.25164916983;6703771.212179752
Loire-Atlantique;Montoir-De-Bretagne;44103;CAMEE;FR23249;industrial;NOx;9;8.7;µg/m3 eq NO2;horaire;2023-04-21 08:00:00;2023-04-21 09:00:00;True;-2.1273331951941428;47.32113812654744;312980.25164916983;6703771.212179752
Loire-Atlantique;Montoir-De-Bretagne;44103;CAMEE;FR23249;industrial;PM10;5;23.0;µg/m3;horaire;2023-04-21 08:00:00;2023-04-21 09:00:00;True;-2.1273331951941428;47.32113812654744;312980.25164916983;6703771.212179752
Loire-Atlantique;Montoir-De-Bretagne;44103;CAMEE;FR23249;industrial;PM2.5;6001;17.0;µg/m3;horaire;2023-04-21 08:00:00;2023-04-21 09:00:00;True;-2.1273331951941428;47.32113812654744;312980.25164916983;6703771.212179752
Loire-Atlantique;Montoir-De-Bretagne;44103;CAMEE;FR23249;industrial;SO2;1;2.7;µg/m3;horaire;2023-04-21 08:00:00;2023-04-21 09:00:00;True;-2.1273331951941428;47.32113812654744;312980.25164916983;6703771.212179752
Loire-Atlantique;Nantes;44109;FRERES GONCOURT;FR23251;traffic;C6H5-C2H5;431;0.37;µg/m3;horaire;2023-04-21 08:00:00;2023-04-21 09:00:00;True;-1.564803;47.23354499998231;354828.5774908221;6691451.497810739
Loire-Atlantique;Nantes;44109;FRERES GONCOURT;FR23251;traffic;C6H5-CH3;21;2.0;µg/m3;horaire;2023-04-21 08:00:00;2023-04-21 09:00:00;True;-1.564803;47.23354499998231;354828.5774908221;6691451.497810739
Loire-Atlantique;Nantes;44109;FRERES GONCOURT;FR23251;traffic;C6H6;20;1.2;µg/m3;horaire;2023-04-21 08:00:00;2023-04-21 09:00:00;True;-1.564803;47.23354499998231;354828.5774908221;6691451.497810739
Loire-Atlantique;Nantes;44109;FRERES GONCOURT;FR23251;traffic;CO;10;0.32;mg/m3;horaire;2023-04-21 08:00:00;2023-04-21 09:00:00;True;-1.564803;47.23354499998231;354828.5774908221;6691451.497810739
Loire-Atlantique;Nantes;44109;FRERES GONCOURT;FR23251;traffic;m,p-C6H4(CH3)2;464;1.3;µg/m3;horaire;2023-04-21 08:00:00;2023-04-21 09:00:00;True;-1.564803;47.23354499998231;354828.5774908221;6691451.497810739
Loire-Atlantique;Nantes;44109;FRERES GONCOURT;FR23251;traffic;NO;38;35.0;µg/m3;horaire;2023-04-21 08:00:00;2023-04-21 09:00:00;True;-1.564803;47.23354499998231;354828.5774908221;6691451.497810739
Loire-Atlantique;Nantes;44109;FRERES GONCOURT;FR23251;traffic;NO2;8;29.0;µg/m3;horaire;2023-04-21 08:00:00;2023-04-21 09:00:00;True;-1.564803;47.23354499998231;354828.5774908221;6691451.497810739
Loire-Atlantique;Nantes;44109;FRERES GONCOURT;FR23251;traffic;NOx;9;82.0;µg/m3 eq NO2;horaire;2023-04-21 08:00:00;2023-04-21 09:00:00;True;-1.564803;47.23354499998231;354828.5774908221;6691451.497810739
Loire-Atlantique;Nantes;44109;FRERES GONCOURT;FR23251;traffic;o-C6H4-(CH3)2;482;0.46;µg/m3;horaire;2023-04-21 08:00:00;2023-04-21 09:00:00;True;-1.564803;47.23354499998231;354828.5774908221;6691451.497810739
Loire-Atlantique;Nantes;44109;FRERES GONCOURT;FR23251;traffic;PM10;5;30.0;µg/m3;horaire;2023-04-21 08:00:00;2023-04-21 09:00:00;True;-1.564803;47.23354499998231;354828.5774908221;6691451.497810739
Loire-Atlantique;Nantes;44109;FRERES GONCOURT;FR23251;traffic;PM2.5;6001;17.0;µg/m3;horaire;2023-04-21 08:00:00;2023-04-21 09:00:00;True;-1.564803;47.23354499998231;354828.5774908221;6691451.497810739
Loire-Atlantique;Donges;44052;AMPERE;FR23001;industrial;SO2;1;0.6;µg/m3;horaire;2023-04-21 07:00:00;2023-04-21 08:00:00;True;-2.0813729293078014;47.324243646620644;316466.7822100732;6703891.209852793
Loire-Atlantique;Donges;44052;LA MEGRETAIS;FR23003;industrial;NO2;8;5.7;µg/m3;horaire;2023-04-21 07:00:00;2023-04-21 08:00:00;True;-2.039245335998521;47.322705228858595;319631.26531024784;6703516.8929397985
Loire-Atlantique;Donges;44052;LA MEGRETAIS;FR23003;industrial;NO;38;0.78;µg/m3;horaire;2023-04-21 07:00:00;2023-04-21 08:00:00;True;-2.039245335998521;47.322705228858595;319631.26531024784;6703516.8929397985
Loire-Atlantique;Donges;44052;LA MEGRETAIS;FR23003;industrial;NOx;9;7.0;µg/m3 eq NO2;horaire;2023-04-21 07:00:00;2023-04-21 08:00:00;True;-2.039245335998521;47.322705228858595;319631.26531024784;6703516.8929397985
Loire-Atlantique;Donges;44052;LA MEGRETAIS;FR23003;industrial;PM10;5;24.0;µg/m3;horaire;2023-04-21 07:00:00;2023-04-21 08:00:00;True;-2.039245335998521;47.322705228858595;319631.26531024784;6703516.8929397985
Loire-Atlantique;Donges;44052;LA MEGRETAIS;FR23003;industrial;PM2.5;6001;18.0;µg/m3;horaire;2023-04-21 07:00:00;2023-04-21 08:00:00;True;-2.039245335998521;47.322705228858595;319631.26531024784;6703516.8929397985
Loire-Atlantique;Donges;44052;LA MEGRETAIS;FR23003;industrial;SO2;1;0.0;µg/m3;horaire;2023-04-21 07:00:00;2023-04-21 08:00:00;True;-2.039245335998521;47.322705228858595;319631.26531024784;6703516.8929397985
Loire-Atlantique;Donges;44052;PASTEUR;FR23004;industrial;H2S;11;0.45;µg/m3;horaire;2023-04-21 07:00:00;2023-04-21 08:00:00;True;-2.073374401966883;47.31740262661712;317020.8741071;6703094.040787983
Loire-Atlantique;Donges;44052;PASTEUR;FR23004;industrial;SO2;1;0.3;µg/m3;horaire;2023-04-21 07:00:00;2023-04-21 08:00:00;True;-2.073374401966883;47.31740262661712;317020.8741071;6703094.040787983
Loire-Atlantique;Frossay;44061;FROSSAY;FR23068;industrial;NO2;8;5.5;µg/m3;horaire;2023-04-21 07:00:00;2023-04-21 08:00:00;True;-1.9365235553956817;47.24735229625331;326851.68236097385;6694673.195316758
Loire-Atlantique;Frossay;44061;FROSSAY;FR23068;industrial;NO;38;1.0;µg/m3;horaire;2023-04-21 07:00:00;2023-04-21 08:00:00;True;-1.9365235553956817;47.24735229625331;326851.68236097385;6694673.195316758
Loire-Atlantique;Frossay;44061;FROSSAY;FR23068;industrial;NOx;9;7.1;µg/m3 eq NO2;horaire;2023-04-21 07:00:00;2023-04-21 08:00:00;True;-1.9365235553956817;47.24735229625331;326851.68236097385;6694673.195316758
Loire-Atlantique;Frossay;44061;FROSSAY;FR23068;industrial;PM10;5;24.0;µg/m3;horaire;2023-04-21 07:00:00;2023-04-21 08:00:00;True;-1.9365235553956817;47.24735229625331;326851.68236097385;6694673.195316758
Loire-Atlantique;Frossay;44061;FROSSAY;FR23068;industrial;SO2;1;0.0;µg/m3;horaire;2023-04-21 07:00:00;2023-04-21 08:00:00;True;-1.9365235553956817;47.24735229625331;326851.68236097385;6694673.195316758
Loire-Atlantique;Savenay;44195;SAVENAY;FR23069;industrial;SO2;1;0.15;µg/m3;horaire;2023-04-21 07:00:00;2023-04-21 08:00:00;True;-1.9535935295608815;47.36020691809557;326348.9822352358;6707265.42533564
Loire-Atlantique;Saint-Etienne-De-Montluc;44158;SAINT ETIENNE DE MONTLUC;FR23070;industrial;NO2;8;5.8;µg/m3;horaire;2023-04-21 07:00:00;2023-04-21 08:00:00;True;-1.7830812813449453;47.28312712300018;338676.42390903604;6697925.914501535
Loire-Atlantique;Saint-Etienne-De-Montluc;44158;SAINT ETIENNE DE MONTLUC;FR23070;industrial;NO;38;0.95;µg/m3;horaire;2023-04-21 07:00:00;2023-04-21 08:00:00;True;-1.7830812813449453;47.28312712300018;338676.42390903604;6697925.914501535
Loire-Atlantique;Saint-Etienne-De-Montluc;44158;SAINT ETIENNE DE MONTLUC;FR23070;industrial;NOx;9;7.3;µg/m3 eq NO2;horaire;2023-04-21 07:00:00;2023-04-21 08:00:00;True;-1.7830812813449453;47.28312712300018;338676.42390903604;6697925.914501535
Loire-Atlantique;Saint-Etienne-De-Montluc;44158;SAINT ETIENNE DE MONTLUC;FR23070;industrial;PM10;5;21.0;µg/m3;horaire;2023-04-21 07:00:00;2023-04-21 08:00:00;True;-1.7830812813449453;47.28312712300018;338676.42390903604;6697925.914501535
Loire-Atlantique;Saint-Etienne-De-Montluc;44158;SAINT ETIENNE DE MONTLUC;FR23070;industrial;PM2.5;6001;16.0;µg/m3;horaire;2023-04-21 07:00:00;2023-04-21 08:00:00;True;-1.7830812813449453;47.28312712300018;338676.42390903604;6697925.914501535
Loire-Atlantique;Saint-Etienne-De-Montluc;44158;SAINT ETIENNE DE MONTLUC;FR23070;industrial;SO2;1;0.05;µg/m3;horaire;2023-04-21 07:00:00;2023-04-21 08:00:00;True;-1.7830812813449453;47.28312712300018;338676.42390903604;6697925.914501535
Loire-Atlantique;Trignac;44210;JULES VERNE;FR23075;industrial;NO2;8;14.0;µg/m3;horaire;2023-04-21 07:00:00;2023-04-21 08:00:00;True;-2.1904076735030835;47.315645037165524;308186.02080619615;6703473.391126138
Loire-Atlantique;Trignac;44210;JULES VERNE;FR23075;industrial;NO;38;6.8;µg/m3;horaire;2023-04-21 07:00:00;2023-04-21 08:00:00;True;-2.1904076735030835;47.315645037165524;308186.02080619615;6703473.391126138
Loire-Atlantique;Trignac;44210;JULES VERNE;FR23075;industrial;NOx;9;25.0;µg/m3 eq NO2;horaire;2023-04-21 07:00:00;2023-04-21 08:00:00;True;-2.1904076735030835;47.315645037165524;308186.02080619615;6703473.391126138
Maine-et-Loire;Cholet;49099;SAINT EXUPERY;FR23078;background;NO2;8;9.0;µg/m3;horaire;2023-04-21 07:00:00;2023-04-21 08:00:00;True;-0.8835758137839181;47.055828646104125;405324.4925768649;6668979.670961294
Maine-et-Loire;Cholet;49099;SAINT EXUPERY;FR23078;background;NO;38;1.8;µg/m3;horaire;2023-04-21 07:00:00;2023-04-21 08:00:00;True;-0.8835758137839181;47.055828646104125;405324.4925768649;6668979.670961294
Maine-et-Loire;Cholet;49099;SAINT EXUPERY;FR23078;background;NOx;9;12.0;µg/m3 eq NO2;horaire;2023-04-21 07:00:00;2023-04-21 08:00:00;True;-0.8835758137839181;47.055828646104125;405324.4925768649;6668979.670961294
Maine-et-Loire;Cholet;49099;SAINT EXUPERY;FR23078;background;O3;7;76.0;µg/m3;horaire;2023-04-21 07:00:00;2023-04-21 08:00:00;True;-0.8835758137839181;47.055828646104125;405324.4925768649;6668979.670961294
Maine-et-Loire;Cholet;49099;SAINT EXUPERY;FR23078;background;PM10;5;16.0;µg/m3;horaire;2023-04-21 07:00:00;2023-04-21 08:00:00;True;-0.8835758137839181;47.055828646104125;405324.4925768649;6668979.670961294
Loire-Atlantique;Nantes;44109;LA CHAUVINIERE;FR23107;background;NO2;8;15.0;µg/m3;horaire;2023-04-21 07:00:00;2023-04-21 08:00:00;True;-1.5732745401793513;47.25291196744293;354313.2357701814;6693636.219563372
Loire-Atlantique;Nantes;44109;LA CHAUVINIERE;FR23107;background;NO;38;3.4;µg/m3;horaire;2023-04-21 07:00:00;2023-04-21 08:00:00;True;-1.5732745401793513;47.25291196744293;354313.2357701814;6693636.219563372
Loire-Atlantique;Nantes;44109;LA CHAUVINIERE;FR23107;background;NOx;9;20.0;µg/m3 eq NO2;horaire;2023-04-21 07:00:00;2023-04-21 08:00:00;True;-1.5732745401793513;47.25291196744293;354313.2357701814;6693636.219563372
Loire-Atlantique;Nantes;44109;LA CHAUVINIERE;FR23107;background;PM10;5;24.0;µg/m3;horaire;2023-04-21 07:00:00;2023-04-21 08:00:00;True;-1.5732745401793513;47.25291196744293;354313.2357701814;6693636.219563372
Loire-Atlantique;Nantes;44109;LA CHAUVINIERE;FR23107;background;PM2.5;6001;18.0;µg/m3;horaire;2023-04-21 07:00:00;2023-04-21 08:00:00;True;-1.5732745401793513;47.25291196744293;354313.2357701814;6693636.219563372
Loire-Atlantique;Saint-Nazaire;44184;LEON BLUM;FR23110;background;NO2;8;15.0;µg/m3;horaire;2023-04-21 07:00:00;2023-04-21 08:00:00;True;-2.2501538782724806;47.26411028437446;303302.1643903805;6698059.671526036
Loire-Atlantique;Saint-Nazaire;44184;LEON BLUM;FR23110;background;NO;38;4.9;µg/m3;horaire;2023-04-21 07:00:00;2023-04-21 08:00:00;True;-2.2501538782724806;47.26411028437446;303302.1643903805;6698059.671526036
Loire-Atlantique;Saint-Nazaire;44184;LEON BLUM;FR23110;background;NOx;9;23.0;µg/m3 eq NO2;horaire;2023-04-21 07:00:00;2023-04-21 08:00:00;True;-2.2501538782724806;47.26411028437446;303302.1643903805;6698059.671526036
Loire-Atlantique;Saint-Nazaire;44184;LEON BLUM;FR23110;background;O3;7;42.0;µg/m3;horaire;2023-04-21 07:00:00;2023-04-21 08:00:00;True;-2.2501538782724806;47.26411028437446;303302.1643903805;6698059.671526036
Loire-Atlantique;Saint-Nazaire;44184;LEON BLUM;FR23110;background;PM10;5;29.0;µg/m3;horaire;2023-04-21 07:00:00;2023-04-21 08:00:00;True;-2.2501538782724806;47.26411028437446;303302.1643903805;6698059.671526036
Loire-Atlantique;Saint-Nazaire;44184;LEON BLUM;FR23110;background;PM2.5;6001;12.0;µg/m3;horaire;2023-04-21 07:00:00;2023-04-21 08:00:00;True;-2.2501538782724806;47.26411028437446;303302.1643903805;6698059.671526036
Maine-et-Loire;Angers;49007;BEAUX ARTS;FR23120;background;NO2;8;12.0;µg/m3;horaire;2023-04-21 07:00:00;2023-04-21 08:00:00;True;-0.5559330038543386;47.46849236147444;432231.14920499554;6713600.72883131
Maine-et-Loire;Angers;49007;BEAUX ARTS;FR23120;background;NO;38;2.3;µg/m3;horaire;2023-04-21 07:00:00;2023-04-21 08:00:00;True;-0.5559330038543386;47.46849236147444;432231.14920499554;6713600.72883131
Maine-et-Loire;Angers;49007;BEAUX ARTS;FR23120;background;NOx;9;15.0;µg/m3 eq NO2;horaire;2023-04-21 07:00:00;2023-04-21 08:00:00;True;-0.5559330038543386;47.46849236147444;432231.14920499554;6713600.72883131
Maine-et-Loire;Angers;49007;BEAUX ARTS;FR23120;background;PM10;5;30.0;µg/m3;horaire;2023-04-21 07:00:00;2023-04-21 08:00:00;True;-0.5559330038543386;47.46849236147444;432231.14920499554;6713600.72883131
Maine-et-Loire;Angers;49007;BEAUX ARTS;FR23120;background;PM2.5;6001;24.0;µg/m3;horaire;2023-04-21 07:00:00;2023-04-21 08:00:00;True;-0.5559330038543386;47.46849236147444;432231.14920499554;6713600.72883131
Mayenne;Laval;53130;MAZAGRAN;FR23123;background;NO2;8;10.0;µg/m3;horaire;2023-04-21 07:00:00;2023-04-21 08:00:00;True;-0.7681529262800582;48.06936514490995;419447.0551375298;6781027.2411395665
Mayenne;Laval;53130;MAZAGRAN;FR23123;background;NO;38;3.1;µg/m3;horaire;2023-04-21 07:00:00;2023-04-21 08:00:00;True;-0.7681529262800582;48.06936514490995;419447.0551375298;6781027.2411395665
Mayenne;Laval;53130;MAZAGRAN;FR23123;background;NOx;9;15.0;µg/m3 eq NO2;horaire;2023-04-21 07:00:00;2023-04-21 08:00:00;True;-0.7681529262800582;48.06936514490995;419447.0551375298;6781027.2411395665
Mayenne;Laval;53130;MAZAGRAN;FR23123;background;O3;7;39.0;µg/m3;horaire;2023-04-21 07:00:00;2023-04-21 08:00:00;True;-0.7681529262800582;48.06936514490995;419447.0551375298;6781027.2411395665
Mayenne;Laval;53130;MAZAGRAN;FR23123;background;PM10;5;26.0;µg/m3;horaire;2023-04-21 07:00:00;2023-04-21 08:00:00;True;-0.7681529262800582;48.06936514490995;419447.0551375298;6781027.2411395665
Vendée;La Tardière;85289;LA TARDIERE;FR23124;background;NH3;35;4.3;µg/m3;horaire;2023-04-21 07:00:00;2023-04-21 08:00:00;True;-0.7433812921256286;46.65662489362803;413852.8420801177;6624178.2980740825
Vendée;La Tardière;85289;LA TARDIERE;FR23124;background;NO2;8;5.5;µg/m3;horaire;2023-04-21 07:00:00;2023-04-21 08:00:00;True;-0.7433812921256286;46.65662489362803;413852.8420801177;6624178.2980740825
Vendée;La Tardière;85289;LA TARDIERE;FR23124;background;NO;38;0.83;µg/m3;horaire;2023-04-21 07:00:00;2023-04-21 08:00:00;True;-0.7433812921256286;46.65662489362803;413852.8420801177;6624178.2980740825
Vendée;La Tardière;85289;LA TARDIERE;FR23124;background;NOx;9;6.6;µg/m3 eq NO2;horaire;2023-04-21 07:00:00;2023-04-21 08:00:00;True;-0.7433812921256286;46.65662489362803;413852.8420801177;6624178.2980740825
Vendée;La Tardière;85289;LA TARDIERE;FR23124;background;O3;7;72.0;µg/m3;horaire;2023-04-21 07:00:00;2023-04-21 08:00:00;True;-0.7433812921256286;46.65662489362803;413852.8420801177;6624178.2980740825
Vendée;La Tardière;85289;LA TARDIERE;FR23124;background;PM10;5;;µg/m3;horaire;2023-04-21 07:00:00;2023-04-21 08:00:00;False;-0.7433812921256286;46.65662489362803;413852.8420801177;6624178.2980740825
Vendée;La Tardière;85289;LA TARDIERE;FR23124;background;PM10;5;20.0;µg/m3;horaire;2023-04-21 07:00:00;2023-04-21 08:00:00;True;-0.7433812921256286;46.65662489362803;413852.8420801177;6624178.2980740825
Vendée;La Tardière;85289;LA TARDIERE;FR23124;background;PM2.5;6001;;µg/m3;horaire;2023-04-21 07:00:00;2023-04-21 08:00:00;False;-0.7433812921256286;46.65662489362803;413852.8420801177;6624178.2980740825
Loire-Atlantique;Paimbœuf;44116;CUTULLIC2;FR23149;industrial;SO2;1;1.6;µg/m3;horaire;2023-04-21 07:00:00;2023-04-21 08:00:00;True;-2.0324417113714177;47.28616795300179;319885.62629199366;6699433.757790069
Maine-et-Loire;Angers;49007;APPENTIS;FR23150;background;NO2;8;11.0;µg/m3;horaire;2023-04-21 07:00:00;2023-04-21 08:00:00;True;-0.5501000222079123;47.447336007801624;432564.4583844049;6711233.097282906
Maine-et-Loire;Angers;49007;APPENTIS;FR23150;background;NO;38;2.2;µg/m3;horaire;2023-04-21 07:00:00;2023-04-21 08:00:00;True;-0.5501000222079123;47.447336007801624;432564.4583844049;6711233.097282906
Maine-et-Loire;Angers;49007;APPENTIS;FR23150;background;NOx;9;15.0;µg/m3 eq NO2;horaire;2023-04-21 07:00:00;2023-04-21 08:00:00;True;-0.5501000222079123;47.447336007801624;432564.4583844049;6711233.097282906
Maine-et-Loire;Angers;49007;APPENTIS;FR23150;background;O3;7;56.0;µg/m3;horaire;2023-04-21 07:00:00;2023-04-21 08:00:00;True;-0.5501000222079123;47.447336007801624;432564.4583844049;6711233.097282906
Vendée;La Roche-Sur-Yon;85191;DELACROIX;FR23152;background;NO2;8;9.7;µg/m3;horaire;2023-04-21 07:00:00;2023-04-21 08:00:00;True;-1.4368610961896655;46.66064836113053;360919.2021133019;6627370.063373093
Vendée;La Roche-Sur-Yon;85191;DELACROIX;FR23152;background;NO;38;2.0;µg/m3;horaire;2023-04-21 07:00:00;2023-04-21 08:00:00;True;-1.4368610961896655;46.66064836113053;360919.2021133019;6627370.063373093
Vendée;La Roche-Sur-Yon;85191;DELACROIX;FR23152;background;NOx;9;13.0;µg/m3 eq NO2;horaire;2023-04-21 07:00:00;2023-04-21 08:00:00;True;-1.4368610961896655;46.66064836113053;360919.2021133019;6627370.063373093
Vendée;La Roche-Sur-Yon;85191;DELACROIX;FR23152;background;O3;7;66.0;µg/m3;horaire;2023-04-21 07:00:00;2023-04-21 08:00:00;True;-1.4368610961896655;46.66064836113053;360919.2021133019;6627370.063373093
Vendée;La Roche-Sur-Yon;85191;DELACROIX;FR23152;background;PM10;5;23.0;µg/m3;horaire;2023-04-21 07:00:00;2023-04-21 08:00:00;True;-1.4368610961896655;46.66064836113053;360919.2021133019;6627370.063373093
Vendée;La Roche-Sur-Yon;85191;DELACROIX;FR23152;background;PM2.5;6001;15.0;µg/m3;horaire;2023-04-21 07:00:00;2023-04-21 08:00:00;True;-1.4368610961896655;46.66064836113053;360919.2021133019;6627370.063373093
Loire-Atlantique;Bouaye;44018;EPINETTES;FR23157;background;O3;7;54.0;µg/m3;horaire;2023-04-21 07:00:00;2023-04-21 08:00:00;True;-1.6902690000000005;47.14608799999988;344775.68549371266;6682310.180873801
Sarthe;Spay;72344;FILLE;FR23163;background;O3;7;42.0;µg/m3;horaire;2023-04-21 07:00:00;2023-04-21 08:00:00;True;0.1518948064395943;47.92192248604607;487322.6743667995;6761783.716825325
Sarthe;Le Mans;72181;GUEDOU;FR23174;background;NO2;8;12.0;µg/m3;horaire;2023-04-21 07:00:00;2023-04-21 08:00:00;True;0.19605011554765286;47.98894827304624;490882.9153232856;6769108.857118812
Sarthe;Le Mans;72181;GUEDOU;FR23174;background;NO;38;3.9;µg/m3;horaire;2023-04-21 07:00:00;2023-04-21 08:00:00;True;0.19605011554765286;47.98894827304624;490882.9153232856;6769108.857118812
Sarthe;Le Mans;72181;GUEDOU;FR23174;background;NOx;9;18.0;µg/m3 eq NO2;horaire;2023-04-21 07:00:00;2023-04-21 08:00:00;True;0.19605011554765286;47.98894827304624;490882.9153232856;6769108.857118812
Maine-et-Loire;Bouchemaine;49035;CLOS DES BEAUVAIS;FR23175;background;O3;7;54.0;µg/m3;horaire;2023-04-21 07:00:00;2023-04-21 08:00:00;True;-0.6100060021346906;47.43011900354789;427967.33949541056;6709527.093695923
Mayenne;Saint-Denis-D'Anjou;53210;SAINT DENIS D'ANJOU;FR23177;background;NO;38;1.9;µg/m3;horaire;2023-04-21 07:00:00;2023-04-21 08:00:00;True;-0.4447696525665919;47.7883321330413;442146.2573931599;6748729.6000822345
Mayenne;Saint-Denis-D'Anjou;53210;SAINT DENIS D'ANJOU;FR23177;background;NO2;8;7.3;µg/m3;horaire;2023-04-21 07:00:00;2023-04-21 08:00:00;True;-0.4447696525665919;47.7883321330413;442146.2573931599;6748729.6000822345
Mayenne;Saint-Denis-D'Anjou;53210;SAINT DENIS D'ANJOU;FR23177;background;NOx;9;10.0;µg/m3 eq NO2;horaire;2023-04-21 07:00:00;2023-04-21 08:00:00;True;-0.4447696525665919;47.7883321330413;442146.2573931599;6748729.6000822345
Mayenne;Saint-Denis-D'Anjou;53210;SAINT DENIS D'ANJOU;FR23177;background;O3;7;46.0;µg/m3;horaire;2023-04-21 07:00:00;2023-04-21 08:00:00;True;-0.4447696525665919;47.7883321330413;442146.2573931599;6748729.6000822345
Mayenne;Saint-Denis-D'Anjou;53210;SAINT DENIS D'ANJOU;FR23177;background;PM10;5;30.0;µg/m3;horaire;2023-04-21 07:00:00;2023-04-21 08:00:00;True;-0.4447696525665919;47.7883321330413;442146.2573931599;6748729.6000822345
Loire-Atlantique;Donges;44052;PARSCAU DU PLESSIS;FR23178;industrial;NO;38;1.1;µg/m3;horaire;2023-04-21 07:00:00;2023-04-21 08:00:00;True;-2.06687664431583;47.318896029650766;317521.3409009125;6703228.095208768
Loire-Atlantique;Donges;44052;PARSCAU DU PLESSIS;FR23178;industrial;NO2;8;6.5;µg/m3;horaire;2023-04-21 07:00:00;2023-04-21 08:00:00;True;-2.06687664431583;47.318896029650766;317521.3409009125;6703228.095208768
Loire-Atlantique;Donges;44052;PARSCAU DU PLESSIS;FR23178;industrial;NOx;9;8.1;µg/m3 eq NO2;horaire;2023-04-21 07:00:00;2023-04-21 08:00:00;True;-2.06687664431583;47.318896029650766;317521.3409009125;6703228.095208768
Loire-Atlantique;Donges;44052;PARSCAU DU PLESSIS;FR23178;industrial;PM10;5;22.0;µg/m3;horaire;2023-04-21 07:00:00;2023-04-21 08:00:00;True;-2.06687664431583;47.318896029650766;317521.3409009125;6703228.095208768
Loire-Atlantique;Donges;44052;PARSCAU DU PLESSIS;FR23178;industrial;PM2.5;6001;17.0;µg/m3;horaire;2023-04-21 07:00:00;2023-04-21 08:00:00;True;-2.06687664431583;47.318896029650766;317521.3409009125;6703228.095208768
Loire-Atlantique;Donges;44052;PARSCAU DU PLESSIS;FR23178;industrial;SO2;1;0.0;µg/m3;horaire;2023-04-21 07:00:00;2023-04-21 08:00:00;True;-2.06687664431583;47.318896029650766;317521.3409009125;6703228.095208768
Loire-Atlantique;Saint-Nazaire;44184;PARC PAYSAGER;FR23181;background;NO;38;5.4;µg/m3;horaire;2023-04-21 07:00:00;2023-04-21 08:00:00;True;-2.2231753057476937;47.273129394194775;305403.8853541548;6698924.134703943
Loire-Atlantique;Saint-Nazaire;44184;PARC PAYSAGER;FR23181;background;NO2;8;19.0;µg/m3;horaire;2023-04-21 07:00:00;2023-04-21 08:00:00;True;-2.2231753057476937;47.273129394194775;305403.8853541548;6698924.134703943
Loire-Atlantique;Saint-Nazaire;44184;PARC PAYSAGER;FR23181;background;NOx;9;27.0;µg/m3 eq NO2;horaire;2023-04-21 07:00:00;2023-04-21 08:00:00;True;-2.2231753057476937;47.273129394194775;305403.8853541548;6698924.134703943
Loire-Atlantique;Saint-Nazaire;44184;PARC PAYSAGER;FR23181;background;SO2;1;0.75;µg/m3;horaire;2023-04-21 07:00:00;2023-04-21 08:00:00;True;-2.2231753057476937;47.273129394194775;305403.8853541548;6698924.134703943
Sarthe;Le Mans;72181;SOURCES;FR23182;background;NO2;8;11.0;µg/m3;horaire;2023-04-21 07:00:00;2023-04-21 08:00:00;True;0.2213390216306751;47.971141853614576;492698.55226572393;6767064.748575544
Sarthe;Le Mans;72181;SOURCES;FR23182;background;NO;38;5.2;µg/m3;horaire;2023-04-21 07:00:00;2023-04-21 08:00:00;True;0.2213390216306751;47.971141853614576;492698.55226572393;6767064.748575544
Sarthe;Le Mans;72181;SOURCES;FR23182;background;NOx;9;19.0;µg/m3 eq NO2;horaire;2023-04-21 07:00:00;2023-04-21 08:00:00;True;0.2213390216306751;47.971141853614576;492698.55226572393;6767064.748575544
Sarthe;Le Mans;72181;SOURCES;FR23182;background;O3;7;40.0;µg/m3;horaire;2023-04-21 07:00:00;2023-04-21 08:00:00;True;0.2213390216306751;47.971141853614576;492698.55226572393;6767064.748575544
Sarthe;Le Mans;72181;SOURCES;FR23182;background;PM10;5;28.0;µg/m3;horaire;2023-04-21 07:00:00;2023-04-21 08:00:00;True;0.2213390216306751;47.971141853614576;492698.55226572393;6767064.748575544
Sarthe;Le Mans;72181;SOURCES;FR23182;background;PM2.5;6001;24.0;µg/m3;horaire;2023-04-21 07:00:00;2023-04-21 08:00:00;True;0.2213390216306751;47.971141853614576;492698.55226572393;6767064.748575544
Loire-Atlantique;Nantes;44109;CIM BOUTEILLERIE;FR23188;background;BCwb;;18.0;%;horaire;2023-04-21 07:00:00;2023-04-21 08:00:00;True;-1.5374268258113177;47.22217589146574;356823.8361417605;6690071.409167136
Loire-Atlantique;Nantes;44109;CIM BOUTEILLERIE;FR23188;background;Hg;;0.31;ng/m3;horaire;2023-04-21 07:00:00;2023-04-21 08:00:00;True;-1.5374268258113177;47.22217589146574;356823.8361417605;6690071.409167136
Loire-Atlantique;Nantes;44109;CIM BOUTEILLERIE;FR23188;background;NO2;8;13.0;µg/m3;horaire;2023-04-21 07:00:00;2023-04-21 08:00:00;True;-1.5374268258113177;47.22217589146574;356823.8361417605;6690071.409167136
Loire-Atlantique;Nantes;44109;CIM BOUTEILLERIE;FR23188;background;NO;38;3.6;µg/m3;horaire;2023-04-21 07:00:00;2023-04-21 08:00:00;True;-1.5374268258113177;47.22217589146574;356823.8361417605;6690071.409167136
Loire-Atlantique;Nantes;44109;CIM BOUTEILLERIE;FR23188;background;NOx;9;19.0;µg/m3 eq NO2;horaire;2023-04-21 07:00:00;2023-04-21 08:00:00;True;-1.5374268258113177;47.22217589146574;356823.8361417605;6690071.409167136
Loire-Atlantique;Nantes;44109;CIM BOUTEILLERIE;FR23188;background;O3;7;45.0;µg/m3;horaire;2023-04-21 07:00:00;2023-04-21 08:00:00;True;-1.5374268258113177;47.22217589146574;356823.8361417605;6690071.409167136
Loire-Atlantique;Nantes;44109;CIM BOUTEILLERIE;FR23188;background;PM10;5;26.0;µg/m3;horaire;2023-04-21 07:00:00;2023-04-21 08:00:00;True;-1.5374268258113177;47.22217589146574;356823.8361417605;6690071.409167136
Loire-Atlantique;Nantes;44109;CIM BOUTEILLERIE;FR23188;background;PM2.5;6001;19.0;µg/m3;horaire;2023-04-21 07:00:00;2023-04-21 08:00:00;True;-1.5374268258113177;47.22217589146574;356823.8361417605;6690071.409167136
Loire-Atlantique;Nantes;44109;CIM BOUTEILLERIE;FR23188;background;PUF;;6593.0;P/cm3;horaire;2023-04-21 07:00:00;2023-04-21 08:00:00;True;-1.5374268258113177;47.22217589146574;356823.8361417605;6690071.409167136
Loire-Atlantique;Pornichet;44132;GASPARD;FR23230;background;O3;7;39.0;µg/m3;horaire;2023-04-21 07:00:00;2023-04-21 08:00:00;True;-2.3320669999999977;47.253055999964715;297039.3525861991;6697249.291127122
Loire-Atlantique;Rezé;44143;TRENTEMOULT;FR23238;specific;PM10;5;31.0;µg/m3;horaire;2023-04-21 07:00:00;2023-04-21 08:00:00;True;-1.5816779999999988;47.194146999964396;353300.20766508416;6687156.526597275
Loire-Atlantique;Rezé;44143;TRENTEMOULT;FR23238;specific;PM2.5;6001;17.0;µg/m3;horaire;2023-04-21 07:00:00;2023-04-21 08:00:00;True;-1.5816779999999988;47.194146999964396;353300.20766508416;6687156.526597275
Loire-Atlantique;Bouguenais;44020;LES COUETS;FR23239;industrial;NO2;8;12.0;µg/m3;horaire;2023-04-21 07:00:00;2023-04-21 08:00:00;True;-1.591496999999999;47.18591899996436;352504.9179813179;6686287.290819376
Loire-Atlantique;Bouguenais;44020;LES COUETS;FR23239;industrial;NO;38;4.9;µg/m3;horaire;2023-04-21 07:00:00;2023-04-21 08:00:00;True;-1.591496999999999;47.18591899996436;352504.9179813179;6686287.290819376
Loire-Atlantique;Bouguenais;44020;LES COUETS;FR23239;industrial;NOx;9;20.0;µg/m3 eq NO2;horaire;2023-04-21 07:00:00;2023-04-21 08:00:00;True;-1.591496999999999;47.18591899996436;352504.9179813179;6686287.290819376
Loire-Atlantique;Bouguenais;44020;LES COUETS;FR23239;industrial;PM10;5;27.0;µg/m3;horaire;2023-04-21 07:00:00;2023-04-21 08:00:00;True;-1.591496999999999;47.18591899996436;352504.9179813179;6686287.290819376
Loire-Atlantique;Bouguenais;44020;LES COUETS;FR23239;industrial;PM2.5;6001;15.0;µg/m3;horaire;2023-04-21 07:00:00;2023-04-21 08:00:00;True;-1.591496999999999;47.18591899996436;352504.9179813179;6686287.290819376
Maine-et-Loire;Angers;49007;ROI RENE;FR23242;traffic;NO;38;15.0;µg/m3;horaire;2023-04-21 07:00:00;2023-04-21 08:00:00;True;-0.5546410000000003;47.46693799998293;432320.60333853256;6713423.849690912
Maine-et-Loire;Angers;49007;ROI RENE;FR23242;traffic;NO2;8;30.0;µg/m3;horaire;2023-04-21 07:00:00;2023-04-21 08:00:00;True;-0.5546410000000003;47.46693799998293;432320.60333853256;6713423.849690912
Maine-et-Loire;Angers;49007;ROI RENE;FR23242;traffic;NOx;9;53.0;µg/m3 eq NO2;horaire;2023-04-21 07:00:00;2023-04-21 08:00:00;True;-0.5546410000000003;47.46693799998293;432320.60333853256;6713423.849690912
Maine-et-Loire;Angers;49007;ROI RENE;FR23242;traffic;PM10;5;28.0;µg/m3;horaire;2023-04-21 07:00:00;2023-04-21 08:00:00;True;-0.5546410000000003;47.46693799998293;432320.60333853256;6713423.849690912
Loire-Atlantique;Montoir-De-Bretagne;44103;CAMEE;FR23249;industrial;NO2;8;6.8;µg/m3;horaire;2023-04-21 07:00:00;2023-04-21 08:00:00;True;-2.1273331951941428;47.32113812654744;312980.25164916983;6703771.212179752
Loire-Atlantique;Montoir-De-Bretagne;44103;CAMEE;FR23249;industrial;NO;38;1.6;µg/m3;horaire;2023-04-21 07:00:00;2023-04-21 08:00:00;True;-2.1273331951941428;47.32113812654744;312980.25164916983;6703771.212179752
Loire-Atlantique;Montoir-De-Bretagne;44103;CAMEE;FR23249;industrial;NOx;9;9.3;µg/m3 eq NO2;horaire;2023-04-21 07:00:00;2023-04-21 08:00:00;True;-2.1273331951941428;47.32113812654744;312980.25164916983;6703771.212179752
Loire-Atlantique;Montoir-De-Bretagne;44103;CAMEE;FR23249;industrial;PM10;5;21.0;µg/m3;horaire;2023-04-21 07:00:00;2023-04-21 08:00:00;True;-2.1273331951941428;47.32113812654744;312980.25164916983;6703771.212179752
Loire-Atlantique;Montoir-De-Bretagne;44103;CAMEE;FR23249;industrial;PM2.5;6001;17.0;µg/m3;horaire;2023-04-21 07:00:00;2023-04-21 08:00:00;True;-2.1273331951941428;47.32113812654744;312980.25164916983;6703771.212179752
Loire-Atlantique;Montoir-De-Bretagne;44103;CAMEE;FR23249;industrial;SO2;1;1.7;µg/m3;horaire;2023-04-21 07:00:00;2023-04-21 08:00:00;True;-2.1273331951941428;47.32113812654744;312980.25164916983;6703771.212179752
Loire-Atlantique;Nantes;44109;FRERES GONCOURT;FR23251;traffic;C6H5-C2H5;431;0.41;µg/m3;horaire;2023-04-21 07:00:00;2023-04-21 08:00:00;True;-1.564803;47.23354499998231;354828.5774908221;6691451.497810739
Loire-Atlantique;Nantes;44109;FRERES GONCOURT;FR23251;traffic;C6H5-CH3;21;2.3;µg/m3;horaire;2023-04-21 07:00:00;2023-04-21 08:00:00;True;-1.564803;47.23354499998231;354828.5774908221;6691451.497810739
Loire-Atlantique;Nantes;44109;FRERES GONCOURT;FR23251;traffic;C6H6;20;1.4;µg/m3;horaire;2023-04-21 07:00:00;2023-04-21 08:00:00;True;-1.564803;47.23354499998231;354828.5774908221;6691451.497810739
Loire-Atlantique;Nantes;44109;FRERES GONCOURT;FR23251;traffic;CO;10;0.35;mg/m3;horaire;2023-04-21 07:00:00;2023-04-21 08:00:00;True;-1.564803;47.23354499998231;354828.5774908221;6691451.497810739
Loire-Atlantique;Nantes;44109;FRERES GONCOURT;FR23251;traffic;m,p-C6H4(CH3)2;464;1.5;µg/m3;horaire;2023-04-21 07:00:00;2023-04-21 08:00:00;True;-1.564803;47.23354499998231;354828.5774908221;6691451.497810739
Loire-Atlantique;Nantes;44109;FRERES GONCOURT;FR23251;traffic;NO;38;49.0;µg/m3;horaire;2023-04-21 07:00:00;2023-04-21 08:00:00;True;-1.564803;47.23354499998231;354828.5774908221;6691451.497810739
Loire-Atlantique;Nantes;44109;FRERES GONCOURT;FR23251;traffic;NO2;8;45.0;µg/m3;horaire;2023-04-21 07:00:00;2023-04-21 08:00:00;True;-1.564803;47.23354499998231;354828.5774908221;6691451.497810739
Loire-Atlantique;Nantes;44109;FRERES GONCOURT;FR23251;traffic;NOx;9;120.0;µg/m3 eq NO2;horaire;2023-04-21 07:00:00;2023-04-21 08:00:00;True;-1.564803;47.23354499998231;354828.5774908221;6691451.497810739
Loire-Atlantique;Nantes;44109;FRERES GONCOURT;FR23251;traffic;o-C6H4-(CH3)2;482;0.54;µg/m3;horaire;2023-04-21 07:00:00;2023-04-21 08:00:00;True;-1.564803;47.23354499998231;354828.5774908221;6691451.497810739
Loire-Atlantique;Nantes;44109;FRERES GONCOURT;FR23251;traffic;PM10;5;33.0;µg/m3;horaire;2023-04-21 07:00:00;2023-04-21 08:00:00;True;-1.564803;47.23354499998231;354828.5774908221;6691451.497810739
Loire-Atlantique;Nantes;44109;FRERES GONCOURT;FR23251;traffic;PM2.5;6001;20.0;µg/m3;horaire;2023-04-21 07:00:00;2023-04-21 08:00:00;True;-1.564803;47.23354499998231;354828.5774908221;6691451.497810739
Loire-Atlantique;Donges;44052;AMPERE;FR23001;industrial;SO2;1;0.3;µg/m3;horaire;2023-04-21 06:00:00;2023-04-21 07:00:00;True;-2.0813729293078014;47.324243646620644;316466.7822100732;6703891.209852793
Loire-Atlantique;Donges;44052;LA MEGRETAIS;FR23003;industrial;NO2;8;10.0;µg/m3;horaire;2023-04-21 06:00:00;2023-04-21 07:00:00;True;-2.039245335998521;47.322705228858595;319631.26531024784;6703516.8929397985
Loire-Atlantique;Donges;44052;LA MEGRETAIS;FR23003;industrial;NO;38;0.98;µg/m3;horaire;2023-04-21 06:00:00;2023-04-21 07:00:00;True;-2.039245335998521;47.322705228858595;319631.26531024784;6703516.8929397985
Loire-Atlantique;Donges;44052;LA MEGRETAIS;FR23003;industrial;NOx;9;12.0;µg/m3 eq NO2;horaire;2023-04-21 06:00:00;2023-04-21 07:00:00;True;-2.039245335998521;47.322705228858595;319631.26531024784;6703516.8929397985
Loire-Atlantique;Donges;44052;LA MEGRETAIS;FR23003;industrial;PM10;5;26.0;µg/m3;horaire;2023-04-21 06:00:00;2023-04-21 07:00:00;True;-2.039245335998521;47.322705228858595;319631.26531024784;6703516.8929397985
Loire-Atlantique;Donges;44052;LA MEGRETAIS;FR23003;industrial;PM2.5;6001;17.0;µg/m3;horaire;2023-04-21 06:00:00;2023-04-21 07:00:00;True;-2.039245335998521;47.322705228858595;319631.26531024784;6703516.8929397985
Loire-Atlantique;Donges;44052;LA MEGRETAIS;FR23003;industrial;SO2;1;0.0;µg/m3;horaire;2023-04-21 06:00:00;2023-04-21 07:00:00;True;-2.039245335998521;47.322705228858595;319631.26531024784;6703516.8929397985
Loire-Atlantique;Donges;44052;PASTEUR;FR23004;industrial;H2S;11;0.5;µg/m3;horaire;2023-04-21 06:00:00;2023-04-21 07:00:00;True;-2.073374401966883;47.31740262661712;317020.8741071;6703094.040787983
Loire-Atlantique;Donges;44052;PASTEUR;FR23004;industrial;SO2;1;0.075;µg/m3;horaire;2023-04-21 06:00:00;2023-04-21 07:00:00;True;-2.073374401966883;47.31740262661712;317020.8741071;6703094.040787983
Loire-Atlantique;Frossay;44061;FROSSAY;FR23068;industrial;NO2;8;5.7;µg/m3;horaire;2023-04-21 06:00:00;2023-04-21 07:00:00;True;-1.9365235553956817;47.24735229625331;326851.68236097385;6694673.195316758
Loire-Atlantique;Frossay;44061;FROSSAY;FR23068;industrial;NO;38;0.78;µg/m3;horaire;2023-04-21 06:00:00;2023-04-21 07:00:00;True;-1.9365235553956817;47.24735229625331;326851.68236097385;6694673.195316758
Loire-Atlantique;Frossay;44061;FROSSAY;FR23068;industrial;NOx;9;6.9;µg/m3 eq NO2;horaire;2023-04-21 06:00:00;2023-04-21 07:00:00;True;-1.9365235553956817;47.24735229625331;326851.68236097385;6694673.195316758
Loire-Atlantique;Frossay;44061;FROSSAY;FR23068;industrial;PM10;5;20.0;µg/m3;horaire;2023-04-21 06:00:00;2023-04-21 07:00:00;True;-1.9365235553956817;47.24735229625331;326851.68236097385;6694673.195316758
Loire-Atlantique;Frossay;44061;FROSSAY;FR23068;industrial;SO2;1;0.0;µg/m3;horaire;2023-04-21 06:00:00;2023-04-21 07:00:00;True;-1.9365235553956817;47.24735229625331;326851.68236097385;6694673.195316758
Loire-Atlantique;Savenay;44195;SAVENAY;FR23069;industrial;SO2;1;0.05;µg/m3;horaire;2023-04-21 06:00:00;2023-04-21 07:00:00;True;-1.9535935295608815;47.36020691809557;326348.9822352358;6707265.42533564
Loire-Atlantique;Saint-Etienne-De-Montluc;44158;SAINT ETIENNE DE MONTLUC;FR23070;industrial;NO2;8;9.2;µg/m3;horaire;2023-04-21 06:00:00;2023-04-21 07:00:00;True;-1.7830812813449453;47.28312712300018;338676.42390903604;6697925.914501535
Loire-Atlantique;Saint-Etienne-De-Montluc;44158;SAINT ETIENNE DE MONTLUC;FR23070;industrial;NO;38;0.5;µg/m3;horaire;2023-04-21 06:00:00;2023-04-21 07:00:00;True;-1.7830812813449453;47.28312712300018;338676.42390903604;6697925.914501535
Loire-Atlantique;Saint-Etienne-De-Montluc;44158;SAINT ETIENNE DE MONTLUC;FR23070;industrial;NOx;9;9.9;µg/m3 eq NO2;horaire;2023-04-21 06:00:00;2023-04-21 07:00:00;True;-1.7830812813449453;47.28312712300018;338676.42390903604;6697925.914501535
Loire-Atlantique;Saint-Etienne-De-Montluc;44158;SAINT ETIENNE DE MONTLUC;FR23070;industrial;PM10;5;19.0;µg/m3;horaire;2023-04-21 06:00:00;2023-04-21 07:00:00;True;-1.7830812813449453;47.28312712300018;338676.42390903604;6697925.914501535
Loire-Atlantique;Saint-Etienne-De-Montluc;44158;SAINT ETIENNE DE MONTLUC;FR23070;industrial;PM2.5;6001;15.0;µg/m3;horaire;2023-04-21 06:00:00;2023-04-21 07:00:00;True;-1.7830812813449453;47.28312712300018;338676.42390903604;6697925.914501535
Loire-Atlantique;Saint-Etienne-De-Montluc;44158;SAINT ETIENNE DE MONTLUC;FR23070;industrial;SO2;1;0.0;µg/m3;horaire;2023-04-21 06:00:00;2023-04-21 07:00:00;True;-1.7830812813449453;47.28312712300018;338676.42390903604;6697925.914501535
Loire-Atlantique;Trignac;44210;JULES VERNE;FR23075;industrial;NO2;8;18.0;µg/m3;horaire;2023-04-21 06:00:00;2023-04-21 07:00:00;True;-2.1904076735030835;47.315645037165524;308186.02080619615;6703473.391126138
Loire-Atlantique;Trignac;44210;JULES VERNE;FR23075;industrial;NO;38;7.2;µg/m3;horaire;2023-04-21 06:00:00;2023-04-21 07:00:00;True;-2.1904076735030835;47.315645037165524;308186.02080619615;6703473.391126138
Loire-Atlantique;Trignac;44210;JULES VERNE;FR23075;industrial;NOx;9;29.0;µg/m3 eq NO2;horaire;2023-04-21 06:00:00;2023-04-21 07:00:00;True;-2.1904076735030835;47.315645037165524;308186.02080619615;6703473.391126138
Maine-et-Loire;Cholet;49099;SAINT EXUPERY;FR23078;background;NO2;8;24.0;µg/m3;horaire;2023-04-21 06:00:00;2023-04-21 07:00:00;True;-0.8835758137839181;47.055828646104125;405324.4925768649;6668979.670961294
Maine-et-Loire;Cholet;49099;SAINT EXUPERY;FR23078;background;NO;38;5.1;µg/m3;horaire;2023-04-21 06:00:00;2023-04-21 07:00:00;True;-0.8835758137839181;47.055828646104125;405324.4925768649;6668979.670961294
Maine-et-Loire;Cholet;49099;SAINT EXUPERY;FR23078;background;NOx;9;32.0;µg/m3 eq NO2;horaire;2023-04-21 06:00:00;2023-04-21 07:00:00;True;-0.8835758137839181;47.055828646104125;405324.4925768649;6668979.670961294
Maine-et-Loire;Cholet;49099;SAINT EXUPERY;FR23078;background;O3;7;51.0;µg/m3;horaire;2023-04-21 06:00:00;2023-04-21 07:00:00;True;-0.8835758137839181;47.055828646104125;405324.4925768649;6668979.670961294
Maine-et-Loire;Cholet;49099;SAINT EXUPERY;FR23078;background;PM10;5;22.0;µg/m3;horaire;2023-04-21 06:00:00;2023-04-21 07:00:00;True;-0.8835758137839181;47.055828646104125;405324.4925768649;6668979.670961294
Loire-Atlantique;Nantes;44109;LA CHAUVINIERE;FR23107;background;NO2;8;16.0;µg/m3;horaire;2023-04-21 06:00:00;2023-04-21 07:00:00;True;-1.5732745401793513;47.25291196744293;354313.2357701814;6693636.219563372
Loire-Atlantique;Nantes;44109;LA CHAUVINIERE;FR23107;background;NO;38;2.6;µg/m3;horaire;2023-04-21 06:00:00;2023-04-21 07:00:00;True;-1.5732745401793513;47.25291196744293;354313.2357701814;6693636.219563372
Loire-Atlantique;Nantes;44109;LA CHAUVINIERE;FR23107;background;NOx;9;20.0;µg/m3 eq NO2;horaire;2023-04-21 06:00:00;2023-04-21 07:00:00;True;-1.5732745401793513;47.25291196744293;354313.2357701814;6693636.219563372
Loire-Atlantique;Nantes;44109;LA CHAUVINIERE;FR23107;background;PM10;5;22.0;µg/m3;horaire;2023-04-21 06:00:00;2023-04-21 07:00:00;True;-1.5732745401793513;47.25291196744293;354313.2357701814;6693636.219563372
Loire-Atlantique;Nantes;44109;LA CHAUVINIERE;FR23107;background;PM2.5;6001;18.0;µg/m3;horaire;2023-04-21 06:00:00;2023-04-21 07:00:00;True;-1.5732745401793513;47.25291196744293;354313.2357701814;6693636.219563372
Loire-Atlantique;Saint-Nazaire;44184;LEON BLUM;FR23110;background;NO2;8;25.0;µg/m3;horaire;2023-04-21 06:00:00;2023-04-21 07:00:00;True;-2.2501538782724806;47.26411028437446;303302.1643903805;6698059.671526036
Loire-Atlantique;Saint-Nazaire;44184;LEON BLUM;FR23110;background;NO;38;4.6;µg/m3;horaire;2023-04-21 06:00:00;2023-04-21 07:00:00;True;-2.2501538782724806;47.26411028437446;303302.1643903805;6698059.671526036
Loire-Atlantique;Saint-Nazaire;44184;LEON BLUM;FR23110;background;NOx;9;32.0;µg/m3 eq NO2;horaire;2023-04-21 06:00:00;2023-04-21 07:00:00;True;-2.2501538782724806;47.26411028437446;303302.1643903805;6698059.671526036
Loire-Atlantique;Saint-Nazaire;44184;LEON BLUM;FR23110;background;O3;7;32.0;µg/m3;horaire;2023-04-21 06:00:00;2023-04-21 07:00:00;True;-2.2501538782724806;47.26411028437446;303302.1643903805;6698059.671526036
Loire-Atlantique;Saint-Nazaire;44184;LEON BLUM;FR23110;background;PM10;5;21.0;µg/m3;horaire;2023-04-21 06:00:00;2023-04-21 07:00:00;True;-2.2501538782724806;47.26411028437446;303302.1643903805;6698059.671526036
Loire-Atlantique;Saint-Nazaire;44184;LEON BLUM;FR23110;background;PM2.5;6001;8.9;µg/m3;horaire;2023-04-21 06:00:00;2023-04-21 07:00:00;True;-2.2501538782724806;47.26411028437446;303302.1643903805;6698059.671526036
Maine-et-Loire;Angers;49007;BEAUX ARTS;FR23120;background;NO2;8;20.0;µg/m3;horaire;2023-04-21 06:00:00;2023-04-21 07:00:00;True;-0.5559330038543386;47.46849236147444;432231.14920499554;6713600.72883131
Maine-et-Loire;Angers;49007;BEAUX ARTS;FR23120;background;NO;38;2.6;µg/m3;horaire;2023-04-21 06:00:00;2023-04-21 07:00:00;True;-0.5559330038543386;47.46849236147444;432231.14920499554;6713600.72883131
Maine-et-Loire;Angers;49007;BEAUX ARTS;FR23120;background;NOx;9;24.0;µg/m3 eq NO2;horaire;2023-04-21 06:00:00;2023-04-21 07:00:00;True;-0.5559330038543386;47.46849236147444;432231.14920499554;6713600.72883131
Maine-et-Loire;Angers;49007;BEAUX ARTS;FR23120;background;PM10;5;29.0;µg/m3;horaire;2023-04-21 06:00:00;2023-04-21 07:00:00;True;-0.5559330038543386;47.46849236147444;432231.14920499554;6713600.72883131
Maine-et-Loire;Angers;49007;BEAUX ARTS;FR23120;background;PM2.5;6001;22.0;µg/m3;horaire;2023-04-21 06:00:00;2023-04-21 07:00:00;True;-0.5559330038543386;47.46849236147444;432231.14920499554;6713600.72883131
Mayenne;Laval;53130;MAZAGRAN;FR23123;background;NO2;8;16.0;µg/m3;horaire;2023-04-21 06:00:00;2023-04-21 07:00:00;True;-0.7681529262800582;48.06936514490995;419447.0551375298;6781027.2411395665
Mayenne;Laval;53130;MAZAGRAN;FR23123;background;NO;38;3.7;µg/m3;horaire;2023-04-21 06:00:00;2023-04-21 07:00:00;True;-0.7681529262800582;48.06936514490995;419447.0551375298;6781027.2411395665
Mayenne;Laval;53130;MAZAGRAN;FR23123;background;NOx;9;22.0;µg/m3 eq NO2;horaire;2023-04-21 06:00:00;2023-04-21 07:00:00;True;-0.7681529262800582;48.06936514490995;419447.0551375298;6781027.2411395665
Mayenne;Laval;53130;MAZAGRAN;FR23123;background;O3;7;29.0;µg/m3;horaire;2023-04-21 06:00:00;2023-04-21 07:00:00;True;-0.7681529262800582;48.06936514490995;419447.0551375298;6781027.2411395665
Mayenne;Laval;53130;MAZAGRAN;FR23123;background;PM10;5;23.0;µg/m3;horaire;2023-04-21 06:00:00;2023-04-21 07:00:00;True;-0.7681529262800582;48.06936514490995;419447.0551375298;6781027.2411395665
Vendée;La Tardière;85289;LA TARDIERE;FR23124;background;NH3;35;4.0;µg/m3;horaire;2023-04-21 06:00:00;2023-04-21 07:00:00;True;-0.7433812921256286;46.65662489362803;413852.8420801177;6624178.2980740825
Vendée;La Tardière;85289;LA TARDIERE;FR23124;background;NO2;8;7.0;µg/m3;horaire;2023-04-21 06:00:00;2023-04-21 07:00:00;True;-0.7433812921256286;46.65662489362803;413852.8420801177;6624178.2980740825
Vendée;La Tardière;85289;LA TARDIERE;FR23124;background;NO;38;0.95;µg/m3;horaire;2023-04-21 06:00:00;2023-04-21 07:00:00;True;-0.7433812921256286;46.65662489362803;413852.8420801177;6624178.2980740825
Vendée;La Tardière;85289;LA TARDIERE;FR23124;background;NOx;9;8.4;µg/m3 eq NO2;horaire;2023-04-21 06:00:00;2023-04-21 07:00:00;True;-0.7433812921256286;46.65662489362803;413852.8420801177;6624178.2980740825
Vendée;La Tardière;85289;LA TARDIERE;FR23124;background;O3;7;64.0;µg/m3;horaire;2023-04-21 06:00:00;2023-04-21 07:00:00;True;-0.7433812921256286;46.65662489362803;413852.8420801177;6624178.2980740825
Vendée;La Tardière;85289;LA TARDIERE;FR23124;background;PM10;5;;µg/m3;horaire;2023-04-21 06:00:00;2023-04-21 07:00:00;False;-0.7433812921256286;46.65662489362803;413852.8420801177;6624178.2980740825
Vendée;La Tardière;85289;LA TARDIERE;FR23124;background;PM10;5;19.0;µg/m3;horaire;2023-04-21 06:00:00;2023-04-21 07:00:00;True;-0.7433812921256286;46.65662489362803;413852.8420801177;6624178.2980740825
Vendée;La Tardière;85289;LA TARDIERE;FR23124;background;PM2.5;6001;;µg/m3;horaire;2023-04-21 06:00:00;2023-04-21 07:00:00;False;-0.7433812921256286;46.65662489362803;413852.8420801177;6624178.2980740825
Loire-Atlantique;Paimbœuf;44116;CUTULLIC2;FR23149;industrial;SO2;1;1.4;µg/m3;horaire;2023-04-21 06:00:00;2023-04-21 07:00:00;True;-2.0324417113714177;47.28616795300179;319885.62629199366;6699433.757790069
Maine-et-Loire;Angers;49007;APPENTIS;FR23150;background;NO2;8;19.0;µg/m3;horaire;2023-04-21 06:00:00;2023-04-21 07:00:00;True;-0.5501000222079123;47.447336007801624;432564.4583844049;6711233.097282906
Maine-et-Loire;Angers;49007;APPENTIS;FR23150;background;NO;38;2.8;µg/m3;horaire;2023-04-21 06:00:00;2023-04-21 07:00:00;True;-0.5501000222079123;47.447336007801624;432564.4583844049;6711233.097282906
Maine-et-Loire;Angers;49007;APPENTIS;FR23150;background;NOx;9;24.0;µg/m3 eq NO2;horaire;2023-04-21 06:00:00;2023-04-21 07:00:00;True;-0.5501000222079123;47.447336007801624;432564.4583844049;6711233.097282906
Maine-et-Loire;Angers;49007;APPENTIS;FR23150;background;O3;7;47.0;µg/m3;horaire;2023-04-21 06:00:00;2023-04-21 07:00:00;True;-0.5501000222079123;47.447336007801624;432564.4583844049;6711233.097282906
Vendée;La Roche-Sur-Yon;85191;DELACROIX;FR23152;background;NO2;8;16.0;µg/m3;horaire;2023-04-21 06:00:00;2023-04-21 07:00:00;True;-1.4368610961896655;46.66064836113053;360919.2021133019;6627370.063373093
Vendée;La Roche-Sur-Yon;85191;DELACROIX;FR23152;background;NO;38;2.8;µg/m3;horaire;2023-04-21 06:00:00;2023-04-21 07:00:00;True;-1.4368610961896655;46.66064836113053;360919.2021133019;6627370.063373093
Vendée;La Roche-Sur-Yon;85191;DELACROIX;FR23152;background;NOx;9;20.0;µg/m3 eq NO2;horaire;2023-04-21 06:00:00;2023-04-21 07:00:00;True;-1.4368610961896655;46.66064836113053;360919.2021133019;6627370.063373093
Vendée;La Roche-Sur-Yon;85191;DELACROIX;FR23152;background;O3;7;43.0;µg/m3;horaire;2023-04-21 06:00:00;2023-04-21 07:00:00;True;-1.4368610961896655;46.66064836113053;360919.2021133019;6627370.063373093
Vendée;La Roche-Sur-Yon;85191;DELACROIX;FR23152;background;PM10;5;22.0;µg/m3;horaire;2023-04-21 06:00:00;2023-04-21 07:00:00;True;-1.4368610961896655;46.66064836113053;360919.2021133019;6627370.063373093
Vendée;La Roche-Sur-Yon;85191;DELACROIX;FR23152;background;PM2.5;6001;15.0;µg/m3;horaire;2023-04-21 06:00:00;2023-04-21 07:00:00;True;-1.4368610961896655;46.66064836113053;360919.2021133019;6627370.063373093
Loire-Atlantique;Bouaye;44018;EPINETTES;FR23157;background;O3;7;37.0;µg/m3;horaire;2023-04-21 06:00:00;2023-04-21 07:00:00;True;-1.6902690000000005;47.14608799999988;344775.68549371266;6682310.180873801
Sarthe;Spay;72344;FILLE;FR23163;background;O3;7;28.0;µg/m3;horaire;2023-04-21 06:00:00;2023-04-21 07:00:00;True;0.1518948064395943;47.92192248604607;487322.6743667995;6761783.716825325
Sarthe;Le Mans;72181;GUEDOU;FR23174;background;NO2;8;16.0;µg/m3;horaire;2023-04-21 06:00:00;2023-04-21 07:00:00;True;0.19605011554765286;47.98894827304624;490882.9153232856;6769108.857118812
Sarthe;Le Mans;72181;GUEDOU;FR23174;background;NO;38;4.2;µg/m3;horaire;2023-04-21 06:00:00;2023-04-21 07:00:00;True;0.19605011554765286;47.98894827304624;490882.9153232856;6769108.857118812
Sarthe;Le Mans;72181;GUEDOU;FR23174;background;NOx;9;23.0;µg/m3 eq NO2;horaire;2023-04-21 06:00:00;2023-04-21 07:00:00;True;0.19605011554765286;47.98894827304624;490882.9153232856;6769108.857118812
Maine-et-Loire;Bouchemaine;49035;CLOS DES BEAUVAIS;FR23175;background;O3;7;48.0;µg/m3;horaire;2023-04-21 06:00:00;2023-04-21 07:00:00;True;-0.6100060021346906;47.43011900354789;427967.33949541056;6709527.093695923
Mayenne;Saint-Denis-D'Anjou;53210;SAINT DENIS D'ANJOU;FR23177;background;NO;38;0.88;µg/m3;horaire;2023-04-21 06:00:00;2023-04-21 07:00:00;True;-0.4447696525665919;47.7883321330413;442146.2573931599;6748729.6000822345
Mayenne;Saint-Denis-D'Anjou;53210;SAINT DENIS D'ANJOU;FR23177;background;NO2;8;7.7;µg/m3;horaire;2023-04-21 06:00:00;2023-04-21 07:00:00;True;-0.4447696525665919;47.7883321330413;442146.2573931599;6748729.6000822345
Mayenne;Saint-Denis-D'Anjou;53210;SAINT DENIS D'ANJOU;FR23177;background;NOx;9;9.1;µg/m3 eq NO2;horaire;2023-04-21 06:00:00;2023-04-21 07:00:00;True;-0.4447696525665919;47.7883321330413;442146.2573931599;6748729.6000822345
Mayenne;Saint-Denis-D'Anjou;53210;SAINT DENIS D'ANJOU;FR23177;background;O3;7;42.0;µg/m3;horaire;2023-04-21 06:00:00;2023-04-21 07:00:00;True;-0.4447696525665919;47.7883321330413;442146.2573931599;6748729.6000822345
Mayenne;Saint-Denis-D'Anjou;53210;SAINT DENIS D'ANJOU;FR23177;background;PM10;5;27.0;µg/m3;horaire;2023-04-21 06:00:00;2023-04-21 07:00:00;True;-0.4447696525665919;47.7883321330413;442146.2573931599;6748729.6000822345
Loire-Atlantique;Donges;44052;PARSCAU DU PLESSIS;FR23178;industrial;NO;38;0.83;µg/m3;horaire;2023-04-21 06:00:00;2023-04-21 07:00:00;True;-2.06687664431583;47.318896029650766;317521.3409009125;6703228.095208768
Loire-Atlantique;Donges;44052;PARSCAU DU PLESSIS;FR23178;industrial;NO2;8;8.1;µg/m3;horaire;2023-04-21 06:00:00;2023-04-21 07:00:00;True;-2.06687664431583;47.318896029650766;317521.3409009125;6703228.095208768
Loire-Atlantique;Donges;44052;PARSCAU DU PLESSIS;FR23178;industrial;NOx;9;9.3;µg/m3 eq NO2;horaire;2023-04-21 06:00:00;2023-04-21 07:00:00;True;-2.06687664431583;47.318896029650766;317521.3409009125;6703228.095208768
Loire-Atlantique;Donges;44052;PARSCAU DU PLESSIS;FR23178;industrial;PM10;5;19.0;µg/m3;horaire;2023-04-21 06:00:00;2023-04-21 07:00:00;True;-2.06687664431583;47.318896029650766;317521.3409009125;6703228.095208768
Loire-Atlantique;Donges;44052;PARSCAU DU PLESSIS;FR23178;industrial;PM2.5;6001;15.0;µg/m3;horaire;2023-04-21 06:00:00;2023-04-21 07:00:00;True;-2.06687664431583;47.318896029650766;317521.3409009125;6703228.095208768
Loire-Atlantique;Donges;44052;PARSCAU DU PLESSIS;FR23178;industrial;SO2;1;0.0;µg/m3;horaire;2023-04-21 06:00:00;2023-04-21 07:00:00;True;-2.06687664431583;47.318896029650766;317521.3409009125;6703228.095208768
Loire-Atlantique;Saint-Nazaire;44184;PARC PAYSAGER;FR23181;background;NO;38;4.5;µg/m3;horaire;2023-04-21 06:00:00;2023-04-21 07:00:00;True;-2.2231753057476937;47.273129394194775;305403.8853541548;6698924.134703943
Loire-Atlantique;Saint-Nazaire;44184;PARC PAYSAGER;FR23181;background;NO2;8;28.0;µg/m3;horaire;2023-04-21 06:00:00;2023-04-21 07:00:00;True;-2.2231753057476937;47.273129394194775;305403.8853541548;6698924.134703943
Loire-Atlantique;Saint-Nazaire;44184;PARC PAYSAGER;FR23181;background;NOx;9;35.0;µg/m3 eq NO2;horaire;2023-04-21 06:00:00;2023-04-21 07:00:00;True;-2.2231753057476937;47.273129394194775;305403.8853541548;6698924.134703943
Loire-Atlantique;Saint-Nazaire;44184;PARC PAYSAGER;FR23181;background;SO2;1;0.63;µg/m3;horaire;2023-04-21 06:00:00;2023-04-21 07:00:00;True;-2.2231753057476937;47.273129394194775;305403.8853541548;6698924.134703943
Sarthe;Le Mans;72181;SOURCES;FR23182;background;NO2;8;14.0;µg/m3;horaire;2023-04-21 06:00:00;2023-04-21 07:00:00;True;0.2213390216306751;47.971141853614576;492698.55226572393;6767064.748575544
Sarthe;Le Mans;72181;SOURCES;FR23182;background;NO;38;4.2;µg/m3;horaire;2023-04-21 06:00:00;2023-04-21 07:00:00;True;0.2213390216306751;47.971141853614576;492698.55226572393;6767064.748575544
Sarthe;Le Mans;72181;SOURCES;FR23182;background;NOx;9;20.0;µg/m3 eq NO2;horaire;2023-04-21 06:00:00;2023-04-21 07:00:00;True;0.2213390216306751;47.971141853614576;492698.55226572393;6767064.748575544
Sarthe;Le Mans;72181;SOURCES;FR23182;background;O3;7;35.0;µg/m3;horaire;2023-04-21 06:00:00;2023-04-21 07:00:00;True;0.2213390216306751;47.971141853614576;492698.55226572393;6767064.748575544
Sarthe;Le Mans;72181;SOURCES;FR23182;background;PM10;5;28.0;µg/m3;horaire;2023-04-21 06:00:00;2023-04-21 07:00:00;True;0.2213390216306751;47.971141853614576;492698.55226572393;6767064.748575544
Sarthe;Le Mans;72181;SOURCES;FR23182;background;PM2.5;6001;24.0;µg/m3;horaire;2023-04-21 06:00:00;2023-04-21 07:00:00;True;0.2213390216306751;47.971141853614576;492698.55226572393;6767064.748575544
Loire-Atlantique;Nantes;44109;CIM BOUTEILLERIE;FR23188;background;BCwb;;15.0;%;horaire;2023-04-21 06:00:00;2023-04-21 07:00:00;True;-1.5374268258113177;47.22217589146574;356823.8361417605;6690071.409167136
Loire-Atlantique;Nantes;44109;CIM BOUTEILLERIE;FR23188;background;Hg;;0.29;ng/m3;horaire;2023-04-21 06:00:00;2023-04-21 07:00:00;True;-1.5374268258113177;47.22217589146574;356823.8361417605;6690071.409167136
Loire-Atlantique;Nantes;44109;CIM BOUTEILLERIE;FR23188;background;NO2;8;19.0;µg/m3;horaire;2023-04-21 06:00:00;2023-04-21 07:00:00;True;-1.5374268258113177;47.22217589146574;356823.8361417605;6690071.409167136
Loire-Atlantique;Nantes;44109;CIM BOUTEILLERIE;FR23188;background;NO;38;3.7;µg/m3;horaire;2023-04-21 06:00:00;2023-04-21 07:00:00;True;-1.5374268258113177;47.22217589146574;356823.8361417605;6690071.409167136
Loire-Atlantique;Nantes;44109;CIM BOUTEILLERIE;FR23188;background;NOx;9;24.0;µg/m3 eq NO2;horaire;2023-04-21 06:00:00;2023-04-21 07:00:00;True;-1.5374268258113177;47.22217589146574;356823.8361417605;6690071.409167136
Loire-Atlantique;Nantes;44109;CIM BOUTEILLERIE;FR23188;background;O3;7;35.0;µg/m3;horaire;2023-04-21 06:00:00;2023-04-21 07:00:00;True;-1.5374268258113177;47.22217589146574;356823.8361417605;6690071.409167136
Loire-Atlantique;Nantes;44109;CIM BOUTEILLERIE;FR23188;background;PM10;5;25.0;µg/m3;horaire;2023-04-21 06:00:00;2023-04-21 07:00:00;True;-1.5374268258113177;47.22217589146574;356823.8361417605;6690071.409167136
Loire-Atlantique;Nantes;44109;CIM BOUTEILLERIE;FR23188;background;PM2.5;6001;19.0;µg/m3;horaire;2023-04-21 06:00:00;2023-04-21 07:00:00;True;-1.5374268258113177;47.22217589146574;356823.8361417605;6690071.409167136
Loire-Atlantique;Nantes;44109;CIM BOUTEILLERIE;FR23188;background;PUF;;7820.0;P/cm3;horaire;2023-04-21 06:00:00;2023-04-21 07:00:00;True;-1.5374268258113177;47.22217589146574;356823.8361417605;6690071.409167136
Loire-Atlantique;Pornichet;44132;GASPARD;FR23230;background;O3;7;42.0;µg/m3;horaire;2023-04-21 06:00:00;2023-04-21 07:00:00;True;-2.3320669999999977;47.253055999964715;297039.3525861991;6697249.291127122
Loire-Atlantique;Rezé;44143;TRENTEMOULT;FR23238;specific;PM10;5;27.0;µg/m3;horaire;2023-04-21 06:00:00;2023-04-21 07:00:00;True;-1.5816779999999988;47.194146999964396;353300.20766508416;6687156.526597275
Loire-Atlantique;Rezé;44143;TRENTEMOULT;FR23238;specific;PM2.5;6001;20.0;µg/m3;horaire;2023-04-21 06:00:00;2023-04-21 07:00:00;True;-1.5816779999999988;47.194146999964396;353300.20766508416;6687156.526597275
Loire-Atlantique;Bouguenais;44020;LES COUETS;FR23239;industrial;NO2;8;25.0;µg/m3;horaire;2023-04-21 06:00:00;2023-04-21 07:00:00;True;-1.591496999999999;47.18591899996436;352504.9179813179;6686287.290819376
Loire-Atlantique;Bouguenais;44020;LES COUETS;FR23239;industrial;NO;38;7.1;µg/m3;horaire;2023-04-21 06:00:00;2023-04-21 07:00:00;True;-1.591496999999999;47.18591899996436;352504.9179813179;6686287.290819376
Loire-Atlantique;Bouguenais;44020;LES COUETS;FR23239;industrial;NOx;9;36.0;µg/m3 eq NO2;horaire;2023-04-21 06:00:00;2023-04-21 07:00:00;True;-1.591496999999999;47.18591899996436;352504.9179813179;6686287.290819376
Loire-Atlantique;Bouguenais;44020;LES COUETS;FR23239;industrial;PM10;5;29.0;µg/m3;horaire;2023-04-21 06:00:00;2023-04-21 07:00:00;True;-1.591496999999999;47.18591899996436;352504.9179813179;6686287.290819376
Loire-Atlantique;Bouguenais;44020;LES COUETS;FR23239;industrial;PM2.5;6001;14.0;µg/m3;horaire;2023-04-21 06:00:00;2023-04-21 07:00:00;True;-1.591496999999999;47.18591899996436;352504.9179813179;6686287.290819376
Maine-et-Loire;Angers;49007;ROI RENE;FR23242;traffic;NO;38;23.0;µg/m3;horaire;2023-04-21 06:00:00;2023-04-21 07:00:00;True;-0.5546410000000003;47.46693799998293;432320.60333853256;6713423.849690912
Maine-et-Loire;Angers;49007;ROI RENE;FR23242;traffic;NO2;8;38.0;µg/m3;horaire;2023-04-21 06:00:00;2023-04-21 07:00:00;True;-0.5546410000000003;47.46693799998293;432320.60333853256;6713423.849690912
Maine-et-Loire;Angers;49007;ROI RENE;FR23242;traffic;NOx;9;73.0;µg/m3 eq NO2;horaire;2023-04-21 06:00:00;2023-04-21 07:00:00;True;-0.5546410000000003;47.46693799998293;432320.60333853256;6713423.849690912
Maine-et-Loire;Angers;49007;ROI RENE;FR23242;traffic;PM10;5;27.0;µg/m3;horaire;2023-04-21 06:00:00;2023-04-21 07:00:00;True;-0.5546410000000003;47.46693799998293;432320.60333853256;6713423.849690912
Loire-Atlantique;Montoir-De-Bretagne;44103;CAMEE;FR23249;industrial;NO2;8;13.0;µg/m3;horaire;2023-04-21 06:00:00;2023-04-21 07:00:00;True;-2.1273331951941428;47.32113812654744;312980.25164916983;6703771.212179752
Loire-Atlantique;Montoir-De-Bretagne;44103;CAMEE;FR23249;industrial;NO;38;1.5;µg/m3;horaire;2023-04-21 06:00:00;2023-04-21 07:00:00;True;-2.1273331951941428;47.32113812654744;312980.25164916983;6703771.212179752
Loire-Atlantique;Montoir-De-Bretagne;44103;CAMEE;FR23249;industrial;NOx;9;15.0;µg/m3 eq NO2;horaire;2023-04-21 06:00:00;2023-04-21 07:00:00;True;-2.1273331951941428;47.32113812654744;312980.25164916983;6703771.212179752
Loire-Atlantique;Montoir-De-Bretagne;44103;CAMEE;FR23249;industrial;PM10;5;21.0;µg/m3;horaire;2023-04-21 06:00:00;2023-04-21 07:00:00;True;-2.1273331951941428;47.32113812654744;312980.25164916983;6703771.212179752
Loire-Atlantique;Montoir-De-Bretagne;44103;CAMEE;FR23249;industrial;PM2.5;6001;15.0;µg/m3;horaire;2023-04-21 06:00:00;2023-04-21 07:00:00;True;-2.1273331951941428;47.32113812654744;312980.25164916983;6703771.212179752
Loire-Atlantique;Montoir-De-Bretagne;44103;CAMEE;FR23249;industrial;SO2;1;1.8;µg/m3;horaire;2023-04-21 06:00:00;2023-04-21 07:00:00;True;-2.1273331951941428;47.32113812654744;312980.25164916983;6703771.212179752
Loire-Atlantique;Nantes;44109;FRERES GONCOURT;FR23251;traffic;C6H5-C2H5;431;0.42;µg/m3;horaire;2023-04-21 06:00:00;2023-04-21 07:00:00;True;-1.564803;47.23354499998231;354828.5774908221;6691451.497810739
Loire-Atlantique;Nantes;44109;FRERES GONCOURT;FR23251;traffic;C6H5-CH3;21;1.6;µg/m3;horaire;2023-04-21 06:00:00;2023-04-21 07:00:00;True;-1.564803;47.23354499998231;354828.5774908221;6691451.497810739
Loire-Atlantique;Nantes;44109;FRERES GONCOURT;FR23251;traffic;C6H6;20;1.4;µg/m3;horaire;2023-04-21 06:00:00;2023-04-21 07:00:00;True;-1.564803;47.23354499998231;354828.5774908221;6691451.497810739
Loire-Atlantique;Nantes;44109;FRERES GONCOURT;FR23251;traffic;CO;10;0.31;mg/m3;horaire;2023-04-21 06:00:00;2023-04-21 07:00:00;True;-1.564803;47.23354499998231;354828.5774908221;6691451.497810739
Loire-Atlantique;Nantes;44109;FRERES GONCOURT;FR23251;traffic;m,p-C6H4(CH3)2;464;1.5;µg/m3;horaire;2023-04-21 06:00:00;2023-04-21 07:00:00;True;-1.564803;47.23354499998231;354828.5774908221;6691451.497810739
Loire-Atlantique;Nantes;44109;FRERES GONCOURT;FR23251;traffic;NO;38;40.0;µg/m3;horaire;2023-04-21 06:00:00;2023-04-21 07:00:00;True;-1.564803;47.23354499998231;354828.5774908221;6691451.497810739
Loire-Atlantique;Nantes;44109;FRERES GONCOURT;FR23251;traffic;NO2;8;41.0;µg/m3;horaire;2023-04-21 06:00:00;2023-04-21 07:00:00;True;-1.564803;47.23354499998231;354828.5774908221;6691451.497810739
Loire-Atlantique;Nantes;44109;FRERES GONCOURT;FR23251;traffic;NOx;9;102.0;µg/m3 eq NO2;horaire;2023-04-21 06:00:00;2023-04-21 07:00:00;True;-1.564803;47.23354499998231;354828.5774908221;6691451.497810739
Loire-Atlantique;Nantes;44109;FRERES GONCOURT;FR23251;traffic;o-C6H4-(CH3)2;482;0.52;µg/m3;horaire;2023-04-21 06:00:00;2023-04-21 07:00:00;True;-1.564803;47.23354499998231;354828.5774908221;6691451.497810739
Loire-Atlantique;Nantes;44109;FRERES GONCOURT;FR23251;traffic;PM10;5;26.0;µg/m3;horaire;2023-04-21 06:00:00;2023-04-21 07:00:00;True;-1.564803;47.23354499998231;354828.5774908221;6691451.497810739
Loire-Atlantique;Nantes;44109;FRERES GONCOURT;FR23251;traffic;PM2.5;6001;14.0;µg/m3;horaire;2023-04-21 06:00:00;2023-04-21 07:00:00;True;-1.564803;47.23354499998231;354828.5774908221;6691451.497810739
Loire-Atlantique;Donges;44052;AMPERE;FR23001;industrial;SO2;1;0.13;µg/m3;horaire;2023-04-21 05:00:00;2023-04-21 06:00:00;True;-2.0813729293078014;47.324243646620644;316466.7822100732;6703891.209852793
Loire-Atlantique;Donges;44052;LA MEGRETAIS;FR23003;industrial;NO2;8;9.2;µg/m3;horaire;2023-04-21 05:00:00;2023-04-21 06:00:00;True;-2.039245335998521;47.322705228858595;319631.26531024784;6703516.8929397985
Loire-Atlantique;Donges;44052;LA MEGRETAIS;FR23003;industrial;NO;38;0.85;µg/m3;horaire;2023-04-21 05:00:00;2023-04-21 06:00:00;True;-2.039245335998521;47.322705228858595;319631.26531024784;6703516.8929397985
Loire-Atlantique;Donges;44052;LA MEGRETAIS;FR23003;industrial;NOx;9;10.0;µg/m3 eq NO2;horaire;2023-04-21 05:00:00;2023-04-21 06:00:00;True;-2.039245335998521;47.322705228858595;319631.26531024784;6703516.8929397985
Loire-Atlantique;Donges;44052;LA MEGRETAIS;FR23003;industrial;PM10;5;19.0;µg/m3;horaire;2023-04-21 05:00:00;2023-04-21 06:00:00;True;-2.039245335998521;47.322705228858595;319631.26531024784;6703516.8929397985
Loire-Atlantique;Donges;44052;LA MEGRETAIS;FR23003;industrial;PM2.5;6001;14.0;µg/m3;horaire;2023-04-21 05:00:00;2023-04-21 06:00:00;True;-2.039245335998521;47.322705228858595;319631.26531024784;6703516.8929397985
Loire-Atlantique;Donges;44052;LA MEGRETAIS;FR23003;industrial;SO2;1;0.0;µg/m3;horaire;2023-04-21 05:00:00;2023-04-21 06:00:00;True;-2.039245335998521;47.322705228858595;319631.26531024784;6703516.8929397985
Loire-Atlantique;Donges;44052;PASTEUR;FR23004;industrial;H2S;11;0.73;µg/m3;horaire;2023-04-21 05:00:00;2023-04-21 06:00:00;True;-2.073374401966883;47.31740262661712;317020.8741071;6703094.040787983
Loire-Atlantique;Donges;44052;PASTEUR;FR23004;industrial;SO2;1;0.18;µg/m3;horaire;2023-04-21 05:00:00;2023-04-21 06:00:00;True;-2.073374401966883;47.31740262661712;317020.8741071;6703094.040787983
Loire-Atlantique;Frossay;44061;FROSSAY;FR23068;industrial;NO2;8;5.5;µg/m3;horaire;2023-04-21 05:00:00;2023-04-21 06:00:00;True;-1.9365235553956817;47.24735229625331;326851.68236097385;6694673.195316758
Loire-Atlantique;Frossay;44061;FROSSAY;FR23068;industrial;NO;38;0.95;µg/m3;horaire;2023-04-21 05:00:00;2023-04-21 06:00:00;True;-1.9365235553956817;47.24735229625331;326851.68236097385;6694673.195316758
Loire-Atlantique;Frossay;44061;FROSSAY;FR23068;industrial;NOx;9;7.0;µg/m3 eq NO2;horaire;2023-04-21 05:00:00;2023-04-21 06:00:00;True;-1.9365235553956817;47.24735229625331;326851.68236097385;6694673.195316758
Loire-Atlantique;Frossay;44061;FROSSAY;FR23068;industrial;PM10;5;20.0;µg/m3;horaire;2023-04-21 05:00:00;2023-04-21 06:00:00;True;-1.9365235553956817;47.24735229625331;326851.68236097385;6694673.195316758
Loire-Atlantique;Frossay;44061;FROSSAY;FR23068;industrial;SO2;1;0.0;µg/m3;horaire;2023-04-21 05:00:00;2023-04-21 06:00:00;True;-1.9365235553956817;47.24735229625331;326851.68236097385;6694673.195316758
Loire-Atlantique;Savenay;44195;SAVENAY;FR23069;industrial;SO2;1;0.23;µg/m3;horaire;2023-04-21 05:00:00;2023-04-21 06:00:00;True;-1.9535935295608815;47.36020691809557;326348.9822352358;6707265.42533564
Loire-Atlantique;Saint-Etienne-De-Montluc;44158;SAINT ETIENNE DE MONTLUC;FR23070;industrial;NO2;8;6.6;µg/m3;horaire;2023-04-21 05:00:00;2023-04-21 06:00:00;True;-1.7830812813449453;47.28312712300018;338676.42390903604;6697925.914501535
Loire-Atlantique;Saint-Etienne-De-Montluc;44158;SAINT ETIENNE DE MONTLUC;FR23070;industrial;NO;38;0.0;µg/m3;horaire;2023-04-21 05:00:00;2023-04-21 06:00:00;True;-1.7830812813449453;47.28312712300018;338676.42390903604;6697925.914501535
Loire-Atlantique;Saint-Etienne-De-Montluc;44158;SAINT ETIENNE DE MONTLUC;FR23070;industrial;NOx;9;6.6;µg/m3 eq NO2;horaire;2023-04-21 05:00:00;2023-04-21 06:00:00;True;-1.7830812813449453;47.28312712300018;338676.42390903604;6697925.914501535
Loire-Atlantique;Saint-Etienne-De-Montluc;44158;SAINT ETIENNE DE MONTLUC;FR23070;industrial;PM10;5;17.0;µg/m3;horaire;2023-04-21 05:00:00;2023-04-21 06:00:00;True;-1.7830812813449453;47.28312712300018;338676.42390903604;6697925.914501535
Loire-Atlantique;Saint-Etienne-De-Montluc;44158;SAINT ETIENNE DE MONTLUC;FR23070;industrial;PM2.5;6001;14.0;µg/m3;horaire;2023-04-21 05:00:00;2023-04-21 06:00:00;True;-1.7830812813449453;47.28312712300018;338676.42390903604;6697925.914501535
Loire-Atlantique;Saint-Etienne-De-Montluc;44158;SAINT ETIENNE DE MONTLUC;FR23070;industrial;SO2;1;0.0;µg/m3;horaire;2023-04-21 05:00:00;2023-04-21 06:00:00;True;-1.7830812813449453;47.28312712300018;338676.42390903604;6697925.914501535
Loire-Atlantique;Trignac;44210;JULES VERNE;FR23075;industrial;NO2;8;24.0;µg/m3;horaire;2023-04-21 05:00:00;2023-04-21 06:00:00;True;-2.1904076735030835;47.315645037165524;308186.02080619615;6703473.391126138
Loire-Atlantique;Trignac;44210;JULES VERNE;FR23075;industrial;NO;38;9.5;µg/m3;horaire;2023-04-21 05:00:00;2023-04-21 06:00:00;True;-2.1904076735030835;47.315645037165524;308186.02080619615;6703473.391126138
Loire-Atlantique;Trignac;44210;JULES VERNE;FR23075;industrial;NOx;9;38.0;µg/m3 eq NO2;horaire;2023-04-21 05:00:00;2023-04-21 06:00:00;True;-2.1904076735030835;47.315645037165524;308186.02080619615;6703473.391126138
Maine-et-Loire;Cholet;49099;SAINT EXUPERY;FR23078;background;NO2;8;24.0;µg/m3;horaire;2023-04-21 05:00:00;2023-04-21 06:00:00;True;-0.8835758137839181;47.055828646104125;405324.4925768649;6668979.670961294
Maine-et-Loire;Cholet;49099;SAINT EXUPERY;FR23078;background;NO;38;3.1;µg/m3;horaire;2023-04-21 05:00:00;2023-04-21 06:00:00;True;-0.8835758137839181;47.055828646104125;405324.4925768649;6668979.670961294
Maine-et-Loire;Cholet;49099;SAINT EXUPERY;FR23078;background;NOx;9;29.0;µg/m3 eq NO2;horaire;2023-04-21 05:00:00;2023-04-21 06:00:00;True;-0.8835758137839181;47.055828646104125;405324.4925768649;6668979.670961294
Maine-et-Loire;Cholet;49099;SAINT EXUPERY;FR23078;background;O3;7;31.0;µg/m3;horaire;2023-04-21 05:00:00;2023-04-21 06:00:00;True;-0.8835758137839181;47.055828646104125;405324.4925768649;6668979.670961294
Maine-et-Loire;Cholet;49099;SAINT EXUPERY;FR23078;background;PM10;5;20.0;µg/m3;horaire;2023-04-21 05:00:00;2023-04-21 06:00:00;True;-0.8835758137839181;47.055828646104125;405324.4925768649;6668979.670961294
Loire-Atlantique;Nantes;44109;LA CHAUVINIERE;FR23107;background;NO2;8;15.0;µg/m3;horaire;2023-04-21 05:00:00;2023-04-21 06:00:00;True;-1.5732745401793513;47.25291196744293;354313.2357701814;6693636.219563372
Loire-Atlantique;Nantes;44109;LA CHAUVINIERE;FR23107;background;NO;38;1.1;µg/m3;horaire;2023-04-21 05:00:00;2023-04-21 06:00:00;True;-1.5732745401793513;47.25291196744293;354313.2357701814;6693636.219563372
Loire-Atlantique;Nantes;44109;LA CHAUVINIERE;FR23107;background;NOx;9;17.0;µg/m3 eq NO2;horaire;2023-04-21 05:00:00;2023-04-21 06:00:00;True;-1.5732745401793513;47.25291196744293;354313.2357701814;6693636.219563372
Loire-Atlantique;Nantes;44109;LA CHAUVINIERE;FR23107;background;PM10;5;24.0;µg/m3;horaire;2023-04-21 05:00:00;2023-04-21 06:00:00;True;-1.5732745401793513;47.25291196744293;354313.2357701814;6693636.219563372
Loire-Atlantique;Nantes;44109;LA CHAUVINIERE;FR23107;background;PM2.5;6001;18.0;µg/m3;horaire;2023-04-21 05:00:00;2023-04-21 06:00:00;True;-1.5732745401793513;47.25291196744293;354313.2357701814;6693636.219563372
Loire-Atlantique;Saint-Nazaire;44184;LEON BLUM;FR23110;background;NO2;8;16.0;µg/m3;horaire;2023-04-21 05:00:00;2023-04-21 06:00:00;True;-2.2501538782724806;47.26411028437446;303302.1643903805;6698059.671526036
Loire-Atlantique;Saint-Nazaire;44184;LEON BLUM;FR23110;background;NO;38;1.9;µg/m3;horaire;2023-04-21 05:00:00;2023-04-21 06:00:00;True;-2.2501538782724806;47.26411028437446;303302.1643903805;6698059.671526036
Loire-Atlantique;Saint-Nazaire;44184;LEON BLUM;FR23110;background;NOx;9;19.0;µg/m3 eq NO2;horaire;2023-04-21 05:00:00;2023-04-21 06:00:00;True;-2.2501538782724806;47.26411028437446;303302.1643903805;6698059.671526036
Loire-Atlantique;Saint-Nazaire;44184;LEON BLUM;FR23110;background;O3;7;43.0;µg/m3;horaire;2023-04-21 05:00:00;2023-04-21 06:00:00;True;-2.2501538782724806;47.26411028437446;303302.1643903805;6698059.671526036
Loire-Atlantique;Saint-Nazaire;44184;LEON BLUM;FR23110;background;PM10;5;16.0;µg/m3;horaire;2023-04-21 05:00:00;2023-04-21 06:00:00;True;-2.2501538782724806;47.26411028437446;303302.1643903805;6698059.671526036
Loire-Atlantique;Saint-Nazaire;44184;LEON BLUM;FR23110;background;PM2.5;6001;6.1;µg/m3;horaire;2023-04-21 05:00:00;2023-04-21 06:00:00;True;-2.2501538782724806;47.26411028437446;303302.1643903805;6698059.671526036
Maine-et-Loire;Angers;49007;BEAUX ARTS;FR23120;background;NO2;8;22.0;µg/m3;horaire;2023-04-21 05:00:00;2023-04-21 06:00:00;True;-0.5559330038543386;47.46849236147444;432231.14920499554;6713600.72883131
Maine-et-Loire;Angers;49007;BEAUX ARTS;FR23120;background;NO;38;1.8;µg/m3;horaire;2023-04-21 05:00:00;2023-04-21 06:00:00;True;-0.5559330038543386;47.46849236147444;432231.14920499554;6713600.72883131
Maine-et-Loire;Angers;49007;BEAUX ARTS;FR23120;background;NOx;9;25.0;µg/m3 eq NO2;horaire;2023-04-21 05:00:00;2023-04-21 06:00:00;True;-0.5559330038543386;47.46849236147444;432231.14920499554;6713600.72883131
Maine-et-Loire;Angers;49007;BEAUX ARTS;FR23120;background;PM10;5;27.0;µg/m3;horaire;2023-04-21 05:00:00;2023-04-21 06:00:00;True;-0.5559330038543386;47.46849236147444;432231.14920499554;6713600.72883131
Maine-et-Loire;Angers;49007;BEAUX ARTS;FR23120;background;PM2.5;6001;20.0;µg/m3;horaire;2023-04-21 05:00:00;2023-04-21 06:00:00;True;-0.5559330038543386;47.46849236147444;432231.14920499554;6713600.72883131
Mayenne;Laval;53130;MAZAGRAN;FR23123;background;NO2;8;16.0;µg/m3;horaire;2023-04-21 05:00:00;2023-04-21 06:00:00;True;-0.7681529262800582;48.06936514490995;419447.0551375298;6781027.2411395665
Mayenne;Laval;53130;MAZAGRAN;FR23123;background;NO;38;1.6;µg/m3;horaire;2023-04-21 05:00:00;2023-04-21 06:00:00;True;-0.7681529262800582;48.06936514490995;419447.0551375298;6781027.2411395665
Mayenne;Laval;53130;MAZAGRAN;FR23123;background;NOx;9;18.0;µg/m3 eq NO2;horaire;2023-04-21 05:00:00;2023-04-21 06:00:00;True;-0.7681529262800582;48.06936514490995;419447.0551375298;6781027.2411395665
Mayenne;Laval;53130;MAZAGRAN;FR23123;background;O3;7;30.0;µg/m3;horaire;2023-04-21 05:00:00;2023-04-21 06:00:00;True;-0.7681529262800582;48.06936514490995;419447.0551375298;6781027.2411395665
Mayenne;Laval;53130;MAZAGRAN;FR23123;background;PM10;5;22.0;µg/m3;horaire;2023-04-21 05:00:00;2023-04-21 06:00:00;True;-0.7681529262800582;48.06936514490995;419447.0551375298;6781027.2411395665
Vendée;La Tardière;85289;LA TARDIERE;FR23124;background;NH3;35;3.7;µg/m3;horaire;2023-04-21 05:00:00;2023-04-21 06:00:00;True;-0.7433812921256286;46.65662489362803;413852.8420801177;6624178.2980740825
Vendée;La Tardière;85289;LA TARDIERE;FR23124;background;NO2;8;7.5;µg/m3;horaire;2023-04-21 05:00:00;2023-04-21 06:00:00;True;-0.7433812921256286;46.65662489362803;413852.8420801177;6624178.2980740825
Vendée;La Tardière;85289;LA TARDIERE;FR23124;background;NO;38;1.2;µg/m3;horaire;2023-04-21 05:00:00;2023-04-21 06:00:00;True;-0.7433812921256286;46.65662489362803;413852.8420801177;6624178.2980740825
Vendée;La Tardière;85289;LA TARDIERE;FR23124;background;NOx;9;9.2;µg/m3 eq NO2;horaire;2023-04-21 05:00:00;2023-04-21 06:00:00;True;-0.7433812921256286;46.65662489362803;413852.8420801177;6624178.2980740825
Vendée;La Tardière;85289;LA TARDIERE;FR23124;background;O3;7;59.0;µg/m3;horaire;2023-04-21 05:00:00;2023-04-21 06:00:00;True;-0.7433812921256286;46.65662489362803;413852.8420801177;6624178.2980740825
Vendée;La Tardière;85289;LA TARDIERE;FR23124;background;PM10;5;;µg/m3;horaire;2023-04-21 05:00:00;2023-04-21 06:00:00;False;-0.7433812921256286;46.65662489362803;413852.8420801177;6624178.2980740825
Vendée;La Tardière;85289;LA TARDIERE;FR23124;background;PM10;5;18.0;µg/m3;horaire;2023-04-21 05:00:00;2023-04-21 06:00:00;True;-0.7433812921256286;46.65662489362803;413852.8420801177;6624178.2980740825
Vendée;La Tardière;85289;LA TARDIERE;FR23124;background;PM2.5;6001;;µg/m3;horaire;2023-04-21 05:00:00;2023-04-21 06:00:00;False;-0.7433812921256286;46.65662489362803;413852.8420801177;6624178.2980740825
Loire-Atlantique;Paimbœuf;44116;CUTULLIC2;FR23149;industrial;SO2;1;1.5;µg/m3;horaire;2023-04-21 05:00:00;2023-04-21 06:00:00;True;-2.0324417113714177;47.28616795300179;319885.62629199366;6699433.757790069
Maine-et-Loire;Angers;49007;APPENTIS;FR23150;background;NO2;8;21.0;µg/m3;horaire;2023-04-21 05:00:00;2023-04-21 06:00:00;True;-0.5501000222079123;47.447336007801624;432564.4583844049;6711233.097282906
Maine-et-Loire;Angers;49007;APPENTIS;FR23150;background;NO;38;1.9;µg/m3;horaire;2023-04-21 05:00:00;2023-04-21 06:00:00;True;-0.5501000222079123;47.447336007801624;432564.4583844049;6711233.097282906
Maine-et-Loire;Angers;49007;APPENTIS;FR23150;background;NOx;9;24.0;µg/m3 eq NO2;horaire;2023-04-21 05:00:00;2023-04-21 06:00:00;True;-0.5501000222079123;47.447336007801624;432564.4583844049;6711233.097282906
Maine-et-Loire;Angers;49007;APPENTIS;FR23150;background;O3;7;42.0;µg/m3;horaire;2023-04-21 05:00:00;2023-04-21 06:00:00;True;-0.5501000222079123;47.447336007801624;432564.4583844049;6711233.097282906
Vendée;La Roche-Sur-Yon;85191;DELACROIX;FR23152;background;NO2;8;13.0;µg/m3;horaire;2023-04-21 05:00:00;2023-04-21 06:00:00;True;-1.4368610961896655;46.66064836113053;360919.2021133019;6627370.063373093
Vendée;La Roche-Sur-Yon;85191;DELACROIX;FR23152;background;NO;38;1.2;µg/m3;horaire;2023-04-21 05:00:00;2023-04-21 06:00:00;True;-1.4368610961896655;46.66064836113053;360919.2021133019;6627370.063373093
Vendée;La Roche-Sur-Yon;85191;DELACROIX;FR23152;background;NOx;9;15.0;µg/m3 eq NO2;horaire;2023-04-21 05:00:00;2023-04-21 06:00:00;True;-1.4368610961896655;46.66064836113053;360919.2021133019;6627370.063373093
Vendée;La Roche-Sur-Yon;85191;DELACROIX;FR23152;background;O3;7;42.0;µg/m3;horaire;2023-04-21 05:00:00;2023-04-21 06:00:00;True;-1.4368610961896655;46.66064836113053;360919.2021133019;6627370.063373093
Vendée;La Roche-Sur-Yon;85191;DELACROIX;FR23152;background;PM10;5;19.0;µg/m3;horaire;2023-04-21 05:00:00;2023-04-21 06:00:00;True;-1.4368610961896655;46.66064836113053;360919.2021133019;6627370.063373093
Vendée;La Roche-Sur-Yon;85191;DELACROIX;FR23152;background;PM2.5;6001;14.0;µg/m3;horaire;2023-04-21 05:00:00;2023-04-21 06:00:00;True;-1.4368610961896655;46.66064836113053;360919.2021133019;6627370.063373093
Loire-Atlantique;Bouaye;44018;EPINETTES;FR23157;background;O3;7;40.0;µg/m3;horaire;2023-04-21 05:00:00;2023-04-21 06:00:00;True;-1.6902690000000005;47.14608799999988;344775.68549371266;6682310.180873801
Sarthe;Spay;72344;FILLE;FR23163;background;O3;7;21.0;µg/m3;horaire;2023-04-21 05:00:00;2023-04-21 06:00:00;True;0.1518948064395943;47.92192248604607;487322.6743667995;6761783.716825325
Sarthe;Le Mans;72181;GUEDOU;FR23174;background;NO2;8;17.0;µg/m3;horaire;2023-04-21 05:00:00;2023-04-21 06:00:00;True;0.19605011554765286;47.98894827304624;490882.9153232856;6769108.857118812
Sarthe;Le Mans;72181;GUEDOU;FR23174;background;NO;38;3.3;µg/m3;horaire;2023-04-21 05:00:00;2023-04-21 06:00:00;True;0.19605011554765286;47.98894827304624;490882.9153232856;6769108.857118812
Sarthe;Le Mans;72181;GUEDOU;FR23174;background;NOx;9;22.0;µg/m3 eq NO2;horaire;2023-04-21 05:00:00;2023-04-21 06:00:00;True;0.19605011554765286;47.98894827304624;490882.9153232856;6769108.857118812
Maine-et-Loire;Bouchemaine;49035;CLOS DES BEAUVAIS;FR23175;background;O3;7;47.0;µg/m3;horaire;2023-04-21 05:00:00;2023-04-21 06:00:00;True;-0.6100060021346906;47.43011900354789;427967.33949541056;6709527.093695923
Mayenne;Saint-Denis-D'Anjou;53210;SAINT DENIS D'ANJOU;FR23177;background;NO;38;0.9;µg/m3;horaire;2023-04-21 05:00:00;2023-04-21 06:00:00;True;-0.4447696525665919;47.7883321330413;442146.2573931599;6748729.6000822345
Mayenne;Saint-Denis-D'Anjou;53210;SAINT DENIS D'ANJOU;FR23177;background;NO2;8;11.0;µg/m3;horaire;2023-04-21 05:00:00;2023-04-21 06:00:00;True;-0.4447696525665919;47.7883321330413;442146.2573931599;6748729.6000822345
Mayenne;Saint-Denis-D'Anjou;53210;SAINT DENIS D'ANJOU;FR23177;background;NOx;9;13.0;µg/m3 eq NO2;horaire;2023-04-21 05:00:00;2023-04-21 06:00:00;True;-0.4447696525665919;47.7883321330413;442146.2573931599;6748729.6000822345
Mayenne;Saint-Denis-D'Anjou;53210;SAINT DENIS D'ANJOU;FR23177;background;O3;7;37.0;µg/m3;horaire;2023-04-21 05:00:00;2023-04-21 06:00:00;True;-0.4447696525665919;47.7883321330413;442146.2573931599;6748729.6000822345
Mayenne;Saint-Denis-D'Anjou;53210;SAINT DENIS D'ANJOU;FR23177;background;PM10;5;26.0;µg/m3;horaire;2023-04-21 05:00:00;2023-04-21 06:00:00;True;-0.4447696525665919;47.7883321330413;442146.2573931599;6748729.6000822345
Loire-Atlantique;Donges;44052;PARSCAU DU PLESSIS;FR23178;industrial;NO;38;0.53;µg/m3;horaire;2023-04-21 05:00:00;2023-04-21 06:00:00;True;-2.06687664431583;47.318896029650766;317521.3409009125;6703228.095208768
Loire-Atlantique;Donges;44052;PARSCAU DU PLESSIS;FR23178;industrial;NO2;8;7.1;µg/m3;horaire;2023-04-21 05:00:00;2023-04-21 06:00:00;True;-2.06687664431583;47.318896029650766;317521.3409009125;6703228.095208768
Loire-Atlantique;Donges;44052;PARSCAU DU PLESSIS;FR23178;industrial;NOx;9;7.9;µg/m3 eq NO2;horaire;2023-04-21 05:00:00;2023-04-21 06:00:00;True;-2.06687664431583;47.318896029650766;317521.3409009125;6703228.095208768
Loire-Atlantique;Donges;44052;PARSCAU DU PLESSIS;FR23178;industrial;PM10;5;17.0;µg/m3;horaire;2023-04-21 05:00:00;2023-04-21 06:00:00;True;-2.06687664431583;47.318896029650766;317521.3409009125;6703228.095208768
Loire-Atlantique;Donges;44052;PARSCAU DU PLESSIS;FR23178;industrial;PM2.5;6001;13.0;µg/m3;horaire;2023-04-21 05:00:00;2023-04-21 06:00:00;True;-2.06687664431583;47.318896029650766;317521.3409009125;6703228.095208768
Loire-Atlantique;Donges;44052;PARSCAU DU PLESSIS;FR23178;industrial;SO2;1;0.0;µg/m3;horaire;2023-04-21 05:00:00;2023-04-21 06:00:00;True;-2.06687664431583;47.318896029650766;317521.3409009125;6703228.095208768
Loire-Atlantique;Saint-Nazaire;44184;PARC PAYSAGER;FR23181;background;NO;38;1.2;µg/m3;horaire;2023-04-21 05:00:00;2023-04-21 06:00:00;True;-2.2231753057476937;47.273129394194775;305403.8853541548;6698924.134703943
Loire-Atlantique;Saint-Nazaire;44184;PARC PAYSAGER;FR23181;background;NO2;8;17.0;µg/m3;horaire;2023-04-21 05:00:00;2023-04-21 06:00:00;True;-2.2231753057476937;47.273129394194775;305403.8853541548;6698924.134703943
Loire-Atlantique;Saint-Nazaire;44184;PARC PAYSAGER;FR23181;background;NOx;9;18.0;µg/m3 eq NO2;horaire;2023-04-21 05:00:00;2023-04-21 06:00:00;True;-2.2231753057476937;47.273129394194775;305403.8853541548;6698924.134703943
Loire-Atlantique;Saint-Nazaire;44184;PARC PAYSAGER;FR23181;background;SO2;1;0.53;µg/m3;horaire;2023-04-21 05:00:00;2023-04-21 06:00:00;True;-2.2231753057476937;47.273129394194775;305403.8853541548;6698924.134703943
Sarthe;Le Mans;72181;SOURCES;FR23182;background;NO2;8;17.0;µg/m3;horaire;2023-04-21 05:00:00;2023-04-21 06:00:00;True;0.2213390216306751;47.971141853614576;492698.55226572393;6767064.748575544
Sarthe;Le Mans;72181;SOURCES;FR23182;background;NO;38;3.3;µg/m3;horaire;2023-04-21 05:00:00;2023-04-21 06:00:00;True;0.2213390216306751;47.971141853614576;492698.55226572393;6767064.748575544
Sarthe;Le Mans;72181;SOURCES;FR23182;background;NOx;9;22.0;µg/m3 eq NO2;horaire;2023-04-21 05:00:00;2023-04-21 06:00:00;True;0.2213390216306751;47.971141853614576;492698.55226572393;6767064.748575544
Sarthe;Le Mans;72181;SOURCES;FR23182;background;O3;7;33.0;µg/m3;horaire;2023-04-21 05:00:00;2023-04-21 06:00:00;True;0.2213390216306751;47.971141853614576;492698.55226572393;6767064.748575544
Sarthe;Le Mans;72181;SOURCES;FR23182;background;PM10;5;25.0;µg/m3;horaire;2023-04-21 05:00:00;2023-04-21 06:00:00;True;0.2213390216306751;47.971141853614576;492698.55226572393;6767064.748575544
Sarthe;Le Mans;72181;SOURCES;FR23182;background;PM2.5;6001;24.0;µg/m3;horaire;2023-04-21 05:00:00;2023-04-21 06:00:00;True;0.2213390216306751;47.971141853614576;492698.55226572393;6767064.748575544
Loire-Atlantique;Nantes;44109;CIM BOUTEILLERIE;FR23188;background;BCwb;;12.0;%;horaire;2023-04-21 05:00:00;2023-04-21 06:00:00;True;-1.5374268258113177;47.22217589146574;356823.8361417605;6690071.409167136
Loire-Atlantique;Nantes;44109;CIM BOUTEILLERIE;FR23188;background;Hg;;0.24;ng/m3;horaire;2023-04-21 05:00:00;2023-04-21 06:00:00;True;-1.5374268258113177;47.22217589146574;356823.8361417605;6690071.409167136
Loire-Atlantique;Nantes;44109;CIM BOUTEILLERIE;FR23188;background;NO2;8;15.0;µg/m3;horaire;2023-04-21 05:00:00;2023-04-21 06:00:00;True;-1.5374268258113177;47.22217589146574;356823.8361417605;6690071.409167136
Loire-Atlantique;Nantes;44109;CIM BOUTEILLERIE;FR23188;background;NO;38;1.6;µg/m3;horaire;2023-04-21 05:00:00;2023-04-21 06:00:00;True;-1.5374268258113177;47.22217589146574;356823.8361417605;6690071.409167136
Loire-Atlantique;Nantes;44109;CIM BOUTEILLERIE;FR23188;background;NOx;9;17.0;µg/m3 eq NO2;horaire;2023-04-21 05:00:00;2023-04-21 06:00:00;True;-1.5374268258113177;47.22217589146574;356823.8361417605;6690071.409167136
Loire-Atlantique;Nantes;44109;CIM BOUTEILLERIE;FR23188;background;O3;7;41.0;µg/m3;horaire;2023-04-21 05:00:00;2023-04-21 06:00:00;True;-1.5374268258113177;47.22217589146574;356823.8361417605;6690071.409167136
Loire-Atlantique;Nantes;44109;CIM BOUTEILLERIE;FR23188;background;PM10;5;22.0;µg/m3;horaire;2023-04-21 05:00:00;2023-04-21 06:00:00;True;-1.5374268258113177;47.22217589146574;356823.8361417605;6690071.409167136
Loire-Atlantique;Nantes;44109;CIM BOUTEILLERIE;FR23188;background;PM2.5;6001;17.0;µg/m3;horaire;2023-04-21 05:00:00;2023-04-21 06:00:00;True;-1.5374268258113177;47.22217589146574;356823.8361417605;6690071.409167136
Loire-Atlantique;Nantes;44109;CIM BOUTEILLERIE;FR23188;background;PUF;;5220.0;P/cm3;horaire;2023-04-21 05:00:00;2023-04-21 06:00:00;True;-1.5374268258113177;47.22217589146574;356823.8361417605;6690071.409167136
Loire-Atlantique;Pornichet;44132;GASPARD;FR23230;background;O3;7;55.0;µg/m3;horaire;2023-04-21 05:00:00;2023-04-21 06:00:00;True;-2.3320669999999977;47.253055999964715;297039.3525861991;6697249.291127122
Loire-Atlantique;Rezé;44143;TRENTEMOULT;FR23238;specific;PM10;5;23.0;µg/m3;horaire;2023-04-21 05:00:00;2023-04-21 06:00:00;True;-1.5816779999999988;47.194146999964396;353300.20766508416;6687156.526597275
Loire-Atlantique;Rezé;44143;TRENTEMOULT;FR23238;specific;PM2.5;6001;16.0;µg/m3;horaire;2023-04-21 05:00:00;2023-04-21 06:00:00;True;-1.5816779999999988;47.194146999964396;353300.20766508416;6687156.526597275
Loire-Atlantique;Bouguenais;44020;LES COUETS;FR23239;industrial;NO2;8;30.0;µg/m3;horaire;2023-04-21 05:00:00;2023-04-21 06:00:00;True;-1.591496999999999;47.18591899996436;352504.9179813179;6686287.290819376
Loire-Atlantique;Bouguenais;44020;LES COUETS;FR23239;industrial;NO;38;5.7;µg/m3;horaire;2023-04-21 05:00:00;2023-04-21 06:00:00;True;-1.591496999999999;47.18591899996436;352504.9179813179;6686287.290819376
Loire-Atlantique;Bouguenais;44020;LES COUETS;FR23239;industrial;NOx;9;38.0;µg/m3 eq NO2;horaire;2023-04-21 05:00:00;2023-04-21 06:00:00;True;-1.591496999999999;47.18591899996436;352504.9179813179;6686287.290819376
Loire-Atlantique;Bouguenais;44020;LES COUETS;FR23239;industrial;PM10;5;26.0;µg/m3;horaire;2023-04-21 05:00:00;2023-04-21 06:00:00;True;-1.591496999999999;47.18591899996436;352504.9179813179;6686287.290819376
Loire-Atlantique;Bouguenais;44020;LES COUETS;FR23239;industrial;PM2.5;6001;12.0;µg/m3;horaire;2023-04-21 05:00:00;2023-04-21 06:00:00;True;-1.591496999999999;47.18591899996436;352504.9179813179;6686287.290819376
Maine-et-Loire;Angers;49007;ROI RENE;FR23242;traffic;NO;38;10.0;µg/m3;horaire;2023-04-21 05:00:00;2023-04-21 06:00:00;True;-0.5546410000000003;47.46693799998293;432320.60333853256;6713423.849690912
Maine-et-Loire;Angers;49007;ROI RENE;FR23242;traffic;NO2;8;30.0;µg/m3;horaire;2023-04-21 05:00:00;2023-04-21 06:00:00;True;-0.5546410000000003;47.46693799998293;432320.60333853256;6713423.849690912
Maine-et-Loire;Angers;49007;ROI RENE;FR23242;traffic;NOx;9;46.0;µg/m3 eq NO2;horaire;2023-04-21 05:00:00;2023-04-21 06:00:00;True;-0.5546410000000003;47.46693799998293;432320.60333853256;6713423.849690912
Maine-et-Loire;Angers;49007;ROI RENE;FR23242;traffic;PM10;5;27.0;µg/m3;horaire;2023-04-21 05:00:00;2023-04-21 06:00:00;True;-0.5546410000000003;47.46693799998293;432320.60333853256;6713423.849690912
Loire-Atlantique;Montoir-De-Bretagne;44103;CAMEE;FR23249;industrial;NO2;8;10.0;µg/m3;horaire;2023-04-21 05:00:00;2023-04-21 06:00:00;True;-2.1273331951941428;47.32113812654744;312980.25164916983;6703771.212179752
Loire-Atlantique;Montoir-De-Bretagne;44103;CAMEE;FR23249;industrial;NO;38;0.68;µg/m3;horaire;2023-04-21 05:00:00;2023-04-21 06:00:00;True;-2.1273331951941428;47.32113812654744;312980.25164916983;6703771.212179752
Loire-Atlantique;Montoir-De-Bretagne;44103;CAMEE;FR23249;industrial;NOx;9;11.0;µg/m3 eq NO2;horaire;2023-04-21 05:00:00;2023-04-21 06:00:00;True;-2.1273331951941428;47.32113812654744;312980.25164916983;6703771.212179752
Loire-Atlantique;Montoir-De-Bretagne;44103;CAMEE;FR23249;industrial;PM10;5;19.0;µg/m3;horaire;2023-04-21 05:00:00;2023-04-21 06:00:00;True;-2.1273331951941428;47.32113812654744;312980.25164916983;6703771.212179752
Loire-Atlantique;Montoir-De-Bretagne;44103;CAMEE;FR23249;industrial;PM2.5;6001;13.0;µg/m3;horaire;2023-04-21 05:00:00;2023-04-21 06:00:00;True;-2.1273331951941428;47.32113812654744;312980.25164916983;6703771.212179752
Loire-Atlantique;Montoir-De-Bretagne;44103;CAMEE;FR23249;industrial;SO2;1;2.0;µg/m3;horaire;2023-04-21 05:00:00;2023-04-21 06:00:00;True;-2.1273331951941428;47.32113812654744;312980.25164916983;6703771.212179752
Loire-Atlantique;Nantes;44109;FRERES GONCOURT;FR23251;traffic;C6H5-C2H5;431;0.28;µg/m3;horaire;2023-04-21 05:00:00;2023-04-21 06:00:00;True;-1.564803;47.23354499998231;354828.5774908221;6691451.497810739
Loire-Atlantique;Nantes;44109;FRERES GONCOURT;FR23251;traffic;C6H5-CH3;21;1.3;µg/m3;horaire;2023-04-21 05:00:00;2023-04-21 06:00:00;True;-1.564803;47.23354499998231;354828.5774908221;6691451.497810739
Loire-Atlantique;Nantes;44109;FRERES GONCOURT;FR23251;traffic;C6H6;20;1.3;µg/m3;horaire;2023-04-21 05:00:00;2023-04-21 06:00:00;True;-1.564803;47.23354499998231;354828.5774908221;6691451.497810739
Loire-Atlantique;Nantes;44109;FRERES GONCOURT;FR23251;traffic;CO;10;0.14;mg/m3;horaire;2023-04-21 05:00:00;2023-04-21 06:00:00;True;-1.564803;47.23354499998231;354828.5774908221;6691451.497810739
Loire-Atlantique;Nantes;44109;FRERES GONCOURT;FR23251;traffic;m,p-C6H4(CH3)2;464;0.94;µg/m3;horaire;2023-04-21 05:00:00;2023-04-21 06:00:00;True;-1.564803;47.23354499998231;354828.5774908221;6691451.497810739
Loire-Atlantique;Nantes;44109;FRERES GONCOURT;FR23251;traffic;NO;38;11.0;µg/m3;horaire;2023-04-21 05:00:00;2023-04-21 06:00:00;True;-1.564803;47.23354499998231;354828.5774908221;6691451.497810739
Loire-Atlantique;Nantes;44109;FRERES GONCOURT;FR23251;traffic;NO2;8;23.0;µg/m3;horaire;2023-04-21 05:00:00;2023-04-21 06:00:00;True;-1.564803;47.23354499998231;354828.5774908221;6691451.497810739
Loire-Atlantique;Nantes;44109;FRERES GONCOURT;FR23251;traffic;NOx;9;40.0;µg/m3 eq NO2;horaire;2023-04-21 05:00:00;2023-04-21 06:00:00;True;-1.564803;47.23354499998231;354828.5774908221;6691451.497810739
Loire-Atlantique;Nantes;44109;FRERES GONCOURT;FR23251;traffic;o-C6H4-(CH3)2;482;0.36;µg/m3;horaire;2023-04-21 05:00:00;2023-04-21 06:00:00;True;-1.564803;47.23354499998231;354828.5774908221;6691451.497810739
Loire-Atlantique;Nantes;44109;FRERES GONCOURT;FR23251;traffic;PM10;5;26.0;µg/m3;horaire;2023-04-21 05:00:00;2023-04-21 06:00:00;True;-1.564803;47.23354499998231;354828.5774908221;6691451.497810739
Loire-Atlantique;Nantes;44109;FRERES GONCOURT;FR23251;traffic;PM2.5;6001;11.0;µg/m3;horaire;2023-04-21 05:00:00;2023-04-21 06:00:00;True;-1.564803;47.23354499998231;354828.5774908221;6691451.497810739
Loire-Atlantique;Donges;44052;AMPERE;FR23001;industrial;SO2;1;0.13;µg/m3;horaire;2023-04-21 04:00:00;2023-04-21 05:00:00;True;-2.0813729293078014;47.324243646620644;316466.7822100732;6703891.209852793
Loire-Atlantique;Donges;44052;LA MEGRETAIS;FR23003;industrial;NO2;8;6.7;µg/m3;horaire;2023-04-21 04:00:00;2023-04-21 05:00:00;True;-2.039245335998521;47.322705228858595;319631.26531024784;6703516.8929397985
Loire-Atlantique;Donges;44052;LA MEGRETAIS;FR23003;industrial;NO;38;0.18;µg/m3;horaire;2023-04-21 04:00:00;2023-04-21 05:00:00;True;-2.039245335998521;47.322705228858595;319631.26531024784;6703516.8929397985
Loire-Atlantique;Donges;44052;LA MEGRETAIS;FR23003;industrial;NOx;9;7.0;µg/m3 eq NO2;horaire;2023-04-21 04:00:00;2023-04-21 05:00:00;True;-2.039245335998521;47.322705228858595;319631.26531024784;6703516.8929397985
Loire-Atlantique;Donges;44052;LA MEGRETAIS;FR23003;industrial;PM10;5;17.0;µg/m3;horaire;2023-04-21 04:00:00;2023-04-21 05:00:00;True;-2.039245335998521;47.322705228858595;319631.26531024784;6703516.8929397985
Loire-Atlantique;Donges;44052;LA MEGRETAIS;FR23003;industrial;PM2.5;6001;12.0;µg/m3;horaire;2023-04-21 04:00:00;2023-04-21 05:00:00;True;-2.039245335998521;47.322705228858595;319631.26531024784;6703516.8929397985
Loire-Atlantique;Donges;44052;LA MEGRETAIS;FR23003;industrial;SO2;1;0.0;µg/m3;horaire;2023-04-21 04:00:00;2023-04-21 05:00:00;True;-2.039245335998521;47.322705228858595;319631.26531024784;6703516.8929397985
Loire-Atlantique;Donges;44052;PASTEUR;FR23004;industrial;H2S;11;0.68;µg/m3;horaire;2023-04-21 04:00:00;2023-04-21 05:00:00;True;-2.073374401966883;47.31740262661712;317020.8741071;6703094.040787983
Loire-Atlantique;Donges;44052;PASTEUR;FR23004;industrial;SO2;1;0.075;µg/m3;horaire;2023-04-21 04:00:00;2023-04-21 05:00:00;True;-2.073374401966883;47.31740262661712;317020.8741071;6703094.040787983
Loire-Atlantique;Frossay;44061;FROSSAY;FR23068;industrial;NO2;8;4.4;µg/m3;horaire;2023-04-21 04:00:00;2023-04-21 05:00:00;True;-1.9365235553956817;47.24735229625331;326851.68236097385;6694673.195316758
Loire-Atlantique;Frossay;44061;FROSSAY;FR23068;industrial;NO;38;0.1;µg/m3;horaire;2023-04-21 04:00:00;2023-04-21 05:00:00;True;-1.9365235553956817;47.24735229625331;326851.68236097385;6694673.195316758
Loire-Atlantique;Frossay;44061;FROSSAY;FR23068;industrial;NOx;9;4.5;µg/m3 eq NO2;horaire;2023-04-21 04:00:00;2023-04-21 05:00:00;True;-1.9365235553956817;47.24735229625331;326851.68236097385;6694673.195316758
Loire-Atlantique;Frossay;44061;FROSSAY;FR23068;industrial;PM10;5;19.0;µg/m3;horaire;2023-04-21 04:00:00;2023-04-21 05:00:00;True;-1.9365235553956817;47.24735229625331;326851.68236097385;6694673.195316758
Loire-Atlantique;Frossay;44061;FROSSAY;FR23068;industrial;SO2;1;0.0;µg/m3;horaire;2023-04-21 04:00:00;2023-04-21 05:00:00;True;-1.9365235553956817;47.24735229625331;326851.68236097385;6694673.195316758
Loire-Atlantique;Savenay;44195;SAVENAY;FR23069;industrial;SO2;1;0.1;µg/m3;horaire;2023-04-21 04:00:00;2023-04-21 05:00:00;True;-1.9535935295608815;47.36020691809557;326348.9822352358;6707265.42533564
Loire-Atlantique;Saint-Etienne-De-Montluc;44158;SAINT ETIENNE DE MONTLUC;FR23070;industrial;NO2;8;4.2;µg/m3;horaire;2023-04-21 04:00:00;2023-04-21 05:00:00;True;-1.7830812813449453;47.28312712300018;338676.42390903604;6697925.914501535
Loire-Atlantique;Saint-Etienne-De-Montluc;44158;SAINT ETIENNE DE MONTLUC;FR23070;industrial;NO;38;0.0;µg/m3;horaire;2023-04-21 04:00:00;2023-04-21 05:00:00;True;-1.7830812813449453;47.28312712300018;338676.42390903604;6697925.914501535
Loire-Atlantique;Saint-Etienne-De-Montluc;44158;SAINT ETIENNE DE MONTLUC;FR23070;industrial;NOx;9;3.9;µg/m3 eq NO2;horaire;2023-04-21 04:00:00;2023-04-21 05:00:00;True;-1.7830812813449453;47.28312712300018;338676.42390903604;6697925.914501535
Loire-Atlantique;Saint-Etienne-De-Montluc;44158;SAINT ETIENNE DE MONTLUC;FR23070;industrial;PM10;5;17.0;µg/m3;horaire;2023-04-21 04:00:00;2023-04-21 05:00:00;True;-1.7830812813449453;47.28312712300018;338676.42390903604;6697925.914501535
Loire-Atlantique;Saint-Etienne-De-Montluc;44158;SAINT ETIENNE DE MONTLUC;FR23070;industrial;PM2.5;6001;13.0;µg/m3;horaire;2023-04-21 04:00:00;2023-04-21 05:00:00;True;-1.7830812813449453;47.28312712300018;338676.42390903604;6697925.914501535
Loire-Atlantique;Saint-Etienne-De-Montluc;44158;SAINT ETIENNE DE MONTLUC;FR23070;industrial;SO2;1;0.0;µg/m3;horaire;2023-04-21 04:00:00;2023-04-21 05:00:00;True;-1.7830812813449453;47.28312712300018;338676.42390903604;6697925.914501535
Loire-Atlantique;Trignac;44210;JULES VERNE;FR23075;industrial;NO2;8;9.8;µg/m3;horaire;2023-04-21 04:00:00;2023-04-21 05:00:00;True;-2.1904076735030835;47.315645037165524;308186.02080619615;6703473.391126138
Loire-Atlantique;Trignac;44210;JULES VERNE;FR23075;industrial;NO;38;1.4;µg/m3;horaire;2023-04-21 04:00:00;2023-04-21 05:00:00;True;-2.1904076735030835;47.315645037165524;308186.02080619615;6703473.391126138
Loire-Atlantique;Trignac;44210;JULES VERNE;FR23075;industrial;NOx;9;12.0;µg/m3 eq NO2;horaire;2023-04-21 04:00:00;2023-04-21 05:00:00;True;-2.1904076735030835;47.315645037165524;308186.02080619615;6703473.391126138
Maine-et-Loire;Cholet;49099;SAINT EXUPERY;FR23078;background;NO2;8;15.0;µg/m3;horaire;2023-04-21 04:00:00;2023-04-21 05:00:00;True;-0.8835758137839181;47.055828646104125;405324.4925768649;6668979.670961294
Maine-et-Loire;Cholet;49099;SAINT EXUPERY;FR23078;background;NO;38;1.3;µg/m3;horaire;2023-04-21 04:00:00;2023-04-21 05:00:00;True;-0.8835758137839181;47.055828646104125;405324.4925768649;6668979.670961294
Maine-et-Loire;Cholet;49099;SAINT EXUPERY;FR23078;background;NOx;9;17.0;µg/m3 eq NO2;horaire;2023-04-21 04:00:00;2023-04-21 05:00:00;True;-0.8835758137839181;47.055828646104125;405324.4925768649;6668979.670961294
Maine-et-Loire;Cholet;49099;SAINT EXUPERY;FR23078;background;O3;7;41.0;µg/m3;horaire;2023-04-21 04:00:00;2023-04-21 05:00:00;True;-0.8835758137839181;47.055828646104125;405324.4925768649;6668979.670961294
Maine-et-Loire;Cholet;49099;SAINT EXUPERY;FR23078;background;PM10;5;19.0;µg/m3;horaire;2023-04-21 04:00:00;2023-04-21 05:00:00;True;-0.8835758137839181;47.055828646104125;405324.4925768649;6668979.670961294
Loire-Atlantique;Nantes;44109;LA CHAUVINIERE;FR23107;background;NO2;8;9.3;µg/m3;horaire;2023-04-21 04:00:00;2023-04-21 05:00:00;True;-1.5732745401793513;47.25291196744293;354313.2357701814;6693636.219563372
Loire-Atlantique;Nantes;44109;LA CHAUVINIERE;FR23107;background;NO;38;1.3;µg/m3;horaire;2023-04-21 04:00:00;2023-04-21 05:00:00;True;-1.5732745401793513;47.25291196744293;354313.2357701814;6693636.219563372
Loire-Atlantique;Nantes;44109;LA CHAUVINIERE;FR23107;background;NOx;9;11.0;µg/m3 eq NO2;horaire;2023-04-21 04:00:00;2023-04-21 05:00:00;True;-1.5732745401793513;47.25291196744293;354313.2357701814;6693636.219563372
Loire-Atlantique;Nantes;44109;LA CHAUVINIERE;FR23107;background;PM10;5;18.0;µg/m3;horaire;2023-04-21 04:00:00;2023-04-21 05:00:00;True;-1.5732745401793513;47.25291196744293;354313.2357701814;6693636.219563372
Loire-Atlantique;Nantes;44109;LA CHAUVINIERE;FR23107;background;PM2.5;6001;16.0;µg/m3;horaire;2023-04-21 04:00:00;2023-04-21 05:00:00;True;-1.5732745401793513;47.25291196744293;354313.2357701814;6693636.219563372
Loire-Atlantique;Saint-Nazaire;44184;LEON BLUM;FR23110;background;NO2;8;8.8;µg/m3;horaire;2023-04-21 04:00:00;2023-04-21 05:00:00;True;-2.2501538782724806;47.26411028437446;303302.1643903805;6698059.671526036
Loire-Atlantique;Saint-Nazaire;44184;LEON BLUM;FR23110;background;NO;38;0.85;µg/m3;horaire;2023-04-21 04:00:00;2023-04-21 05:00:00;True;-2.2501538782724806;47.26411028437446;303302.1643903805;6698059.671526036
Loire-Atlantique;Saint-Nazaire;44184;LEON BLUM;FR23110;background;NOx;9;10.0;µg/m3 eq NO2;horaire;2023-04-21 04:00:00;2023-04-21 05:00:00;True;-2.2501538782724806;47.26411028437446;303302.1643903805;6698059.671526036
Loire-Atlantique;Saint-Nazaire;44184;LEON BLUM;FR23110;background;O3;7;52.0;µg/m3;horaire;2023-04-21 04:00:00;2023-04-21 05:00:00;True;-2.2501538782724806;47.26411028437446;303302.1643903805;6698059.671526036
Loire-Atlantique;Saint-Nazaire;44184;LEON BLUM;FR23110;background;PM10;5;14.0;µg/m3;horaire;2023-04-21 04:00:00;2023-04-21 05:00:00;True;-2.2501538782724806;47.26411028437446;303302.1643903805;6698059.671526036
Loire-Atlantique;Saint-Nazaire;44184;LEON BLUM;FR23110;background;PM2.5;6001;3.8;µg/m3;horaire;2023-04-21 04:00:00;2023-04-21 05:00:00;True;-2.2501538782724806;47.26411028437446;303302.1643903805;6698059.671526036
Maine-et-Loire;Angers;49007;BEAUX ARTS;FR23120;background;NO2;8;14.0;µg/m3;horaire;2023-04-21 04:00:00;2023-04-21 05:00:00;True;-0.5559330038543386;47.46849236147444;432231.14920499554;6713600.72883131
Maine-et-Loire;Angers;49007;BEAUX ARTS;FR23120;background;NO;38;1.1;µg/m3;horaire;2023-04-21 04:00:00;2023-04-21 05:00:00;True;-0.5559330038543386;47.46849236147444;432231.14920499554;6713600.72883131
Maine-et-Loire;Angers;49007;BEAUX ARTS;FR23120;background;NOx;9;15.0;µg/m3 eq NO2;horaire;2023-04-21 04:00:00;2023-04-21 05:00:00;True;-0.5559330038543386;47.46849236147444;432231.14920499554;6713600.72883131
Maine-et-Loire;Angers;49007;BEAUX ARTS;FR23120;background;PM10;5;23.0;µg/m3;horaire;2023-04-21 04:00:00;2023-04-21 05:00:00;True;-0.5559330038543386;47.46849236147444;432231.14920499554;6713600.72883131
Maine-et-Loire;Angers;49007;BEAUX ARTS;FR23120;background;PM2.5;6001;19.0;µg/m3;horaire;2023-04-21 04:00:00;2023-04-21 05:00:00;True;-0.5559330038543386;47.46849236147444;432231.14920499554;6713600.72883131
Mayenne;Laval;53130;MAZAGRAN;FR23123;background;NO2;8;14.0;µg/m3;horaire;2023-04-21 04:00:00;2023-04-21 05:00:00;True;-0.7681529262800582;48.06936514490995;419447.0551375298;6781027.2411395665
Mayenne;Laval;53130;MAZAGRAN;FR23123;background;NO;38;1.2;µg/m3;horaire;2023-04-21 04:00:00;2023-04-21 05:00:00;True;-0.7681529262800582;48.06936514490995;419447.0551375298;6781027.2411395665
Mayenne;Laval;53130;MAZAGRAN;FR23123;background;NOx;9;16.0;µg/m3 eq NO2;horaire;2023-04-21 04:00:00;2023-04-21 05:00:00;True;-0.7681529262800582;48.06936514490995;419447.0551375298;6781027.2411395665
Mayenne;Laval;53130;MAZAGRAN;FR23123;background;O3;7;37.0;µg/m3;horaire;2023-04-21 04:00:00;2023-04-21 05:00:00;True;-0.7681529262800582;48.06936514490995;419447.0551375298;6781027.2411395665
Mayenne;Laval;53130;MAZAGRAN;FR23123;background;PM10;5;22.0;µg/m3;horaire;2023-04-21 04:00:00;2023-04-21 05:00:00;True;-0.7681529262800582;48.06936514490995;419447.0551375298;6781027.2411395665
Vendée;La Tardière;85289;LA TARDIERE;FR23124;background;NH3;35;3.7;µg/m3;horaire;2023-04-21 04:00:00;2023-04-21 05:00:00;True;-0.7433812921256286;46.65662489362803;413852.8420801177;6624178.2980740825
Vendée;La Tardière;85289;LA TARDIERE;FR23124;background;NO2;8;5.9;µg/m3;horaire;2023-04-21 04:00:00;2023-04-21 05:00:00;True;-0.7433812921256286;46.65662489362803;413852.8420801177;6624178.2980740825
Vendée;La Tardière;85289;LA TARDIERE;FR23124;background;NO;38;0.7;µg/m3;horaire;2023-04-21 04:00:00;2023-04-21 05:00:00;True;-0.7433812921256286;46.65662489362803;413852.8420801177;6624178.2980740825
Vendée;La Tardière;85289;LA TARDIERE;FR23124;background;NOx;9;6.9;µg/m3 eq NO2;horaire;2023-04-21 04:00:00;2023-04-21 05:00:00;True;-0.7433812921256286;46.65662489362803;413852.8420801177;6624178.2980740825
Vendée;La Tardière;85289;LA TARDIERE;FR23124;background;O3;7;62.0;µg/m3;horaire;2023-04-21 04:00:00;2023-04-21 05:00:00;True;-0.7433812921256286;46.65662489362803;413852.8420801177;6624178.2980740825
Vendée;La Tardière;85289;LA TARDIERE;FR23124;background;PM10;5;;µg/m3;horaire;2023-04-21 04:00:00;2023-04-21 05:00:00;False;-0.7433812921256286;46.65662489362803;413852.8420801177;6624178.2980740825
Vendée;La Tardière;85289;LA TARDIERE;FR23124;background;PM10;5;20.0;µg/m3;horaire;2023-04-21 04:00:00;2023-04-21 05:00:00;True;-0.7433812921256286;46.65662489362803;413852.8420801177;6624178.2980740825
Vendée;La Tardière;85289;LA TARDIERE;FR23124;background;PM2.5;6001;;µg/m3;horaire;2023-04-21 04:00:00;2023-04-21 05:00:00;False;-0.7433812921256286;46.65662489362803;413852.8420801177;6624178.2980740825
Loire-Atlantique;Paimbœuf;44116;CUTULLIC2;FR23149;industrial;SO2;1;1.2;µg/m3;horaire;2023-04-21 04:00:00;2023-04-21 05:00:00;True;-2.0324417113714177;47.28616795300179;319885.62629199366;6699433.757790069
Maine-et-Loire;Angers;49007;APPENTIS;FR23150;background;NO2;8;14.0;µg/m3;horaire;2023-04-21 04:00:00;2023-04-21 05:00:00;True;-0.5501000222079123;47.447336007801624;432564.4583844049;6711233.097282906
Maine-et-Loire;Angers;49007;APPENTIS;FR23150;background;NO;38;1.2;µg/m3;horaire;2023-04-21 04:00:00;2023-04-21 05:00:00;True;-0.5501000222079123;47.447336007801624;432564.4583844049;6711233.097282906
Maine-et-Loire;Angers;49007;APPENTIS;FR23150;background;NOx;9;15.0;µg/m3 eq NO2;horaire;2023-04-21 04:00:00;2023-04-21 05:00:00;True;-0.5501000222079123;47.447336007801624;432564.4583844049;6711233.097282906
Maine-et-Loire;Angers;49007;APPENTIS;FR23150;background;O3;7;49.0;µg/m3;horaire;2023-04-21 04:00:00;2023-04-21 05:00:00;True;-0.5501000222079123;47.447336007801624;432564.4583844049;6711233.097282906
Vendée;La Roche-Sur-Yon;85191;DELACROIX;FR23152;background;NO2;8;9.6;µg/m3;horaire;2023-04-21 04:00:00;2023-04-21 05:00:00;True;-1.4368610961896655;46.66064836113053;360919.2021133019;6627370.063373093
Vendée;La Roche-Sur-Yon;85191;DELACROIX;FR23152;background;NO;38;0.53;µg/m3;horaire;2023-04-21 04:00:00;2023-04-21 05:00:00;True;-1.4368610961896655;46.66064836113053;360919.2021133019;6627370.063373093
Vendée;La Roche-Sur-Yon;85191;DELACROIX;FR23152;background;NOx;9;10.0;µg/m3 eq NO2;horaire;2023-04-21 04:00:00;2023-04-21 05:00:00;True;-1.4368610961896655;46.66064836113053;360919.2021133019;6627370.063373093
Vendée;La Roche-Sur-Yon;85191;DELACROIX;FR23152;background;O3;7;48.0;µg/m3;horaire;2023-04-21 04:00:00;2023-04-21 05:00:00;True;-1.4368610961896655;46.66064836113053;360919.2021133019;6627370.063373093
Vendée;La Roche-Sur-Yon;85191;DELACROIX;FR23152;background;PM10;5;18.0;µg/m3;horaire;2023-04-21 04:00:00;2023-04-21 05:00:00;True;-1.4368610961896655;46.66064836113053;360919.2021133019;6627370.063373093
Vendée;La Roche-Sur-Yon;85191;DELACROIX;FR23152;background;PM2.5;6001;13.0;µg/m3;horaire;2023-04-21 04:00:00;2023-04-21 05:00:00;True;-1.4368610961896655;46.66064836113053;360919.2021133019;6627370.063373093
Loire-Atlantique;Bouaye;44018;EPINETTES;FR23157;background;O3;7;51.0;µg/m3;horaire;2023-04-21 04:00:00;2023-04-21 05:00:00;True;-1.6902690000000005;47.14608799999988;344775.68549371266;6682310.180873801
Sarthe;Spay;72344;FILLE;FR23163;background;O3;7;33.0;µg/m3;horaire;2023-04-21 04:00:00;2023-04-21 05:00:00;True;0.1518948064395943;47.92192248604607;487322.6743667995;6761783.716825325
Sarthe;Le Mans;72181;GUEDOU;FR23174;background;NO2;8;16.0;µg/m3;horaire;2023-04-21 04:00:00;2023-04-21 05:00:00;True;0.19605011554765286;47.98894827304624;490882.9153232856;6769108.857118812
Sarthe;Le Mans;72181;GUEDOU;FR23174;background;NO;38;3.1;µg/m3;horaire;2023-04-21 04:00:00;2023-04-21 05:00:00;True;0.19605011554765286;47.98894827304624;490882.9153232856;6769108.857118812
Sarthe;Le Mans;72181;GUEDOU;FR23174;background;NOx;9;20.0;µg/m3 eq NO2;horaire;2023-04-21 04:00:00;2023-04-21 05:00:00;True;0.19605011554765286;47.98894827304624;490882.9153232856;6769108.857118812
Maine-et-Loire;Bouchemaine;49035;CLOS DES BEAUVAIS;FR23175;background;O3;7;53.0;µg/m3;horaire;2023-04-21 04:00:00;2023-04-21 05:00:00;True;-0.6100060021346906;47.43011900354789;427967.33949541056;6709527.093695923
Mayenne;Saint-Denis-D'Anjou;53210;SAINT DENIS D'ANJOU;FR23177;background;NO;38;0.3;µg/m3;horaire;2023-04-21 04:00:00;2023-04-21 05:00:00;True;-0.4447696525665919;47.7883321330413;442146.2573931599;6748729.6000822345
Mayenne;Saint-Denis-D'Anjou;53210;SAINT DENIS D'ANJOU;FR23177;background;NO2;8;7.7;µg/m3;horaire;2023-04-21 04:00:00;2023-04-21 05:00:00;True;-0.4447696525665919;47.7883321330413;442146.2573931599;6748729.6000822345
Mayenne;Saint-Denis-D'Anjou;53210;SAINT DENIS D'ANJOU;FR23177;background;NOx;9;8.2;µg/m3 eq NO2;horaire;2023-04-21 04:00:00;2023-04-21 05:00:00;True;-0.4447696525665919;47.7883321330413;442146.2573931599;6748729.6000822345
Mayenne;Saint-Denis-D'Anjou;53210;SAINT DENIS D'ANJOU;FR23177;background;O3;7;45.0;µg/m3;horaire;2023-04-21 04:00:00;2023-04-21 05:00:00;True;-0.4447696525665919;47.7883321330413;442146.2573931599;6748729.6000822345
Mayenne;Saint-Denis-D'Anjou;53210;SAINT DENIS D'ANJOU;FR23177;background;PM10;5;23.0;µg/m3;horaire;2023-04-21 04:00:00;2023-04-21 05:00:00;True;-0.4447696525665919;47.7883321330413;442146.2573931599;6748729.6000822345
Loire-Atlantique;Donges;44052;PARSCAU DU PLESSIS;FR23178;industrial;NO;38;0.2;µg/m3;horaire;2023-04-21 04:00:00;2023-04-21 05:00:00;True;-2.06687664431583;47.318896029650766;317521.3409009125;6703228.095208768
Loire-Atlantique;Donges;44052;PARSCAU DU PLESSIS;FR23178;industrial;NO2;8;4.5;µg/m3;horaire;2023-04-21 04:00:00;2023-04-21 05:00:00;True;-2.06687664431583;47.318896029650766;317521.3409009125;6703228.095208768
Loire-Atlantique;Donges;44052;PARSCAU DU PLESSIS;FR23178;industrial;NOx;9;4.8;µg/m3 eq NO2;horaire;2023-04-21 04:00:00;2023-04-21 05:00:00;True;-2.06687664431583;47.318896029650766;317521.3409009125;6703228.095208768
Loire-Atlantique;Donges;44052;PARSCAU DU PLESSIS;FR23178;industrial;PM10;5;15.0;µg/m3;horaire;2023-04-21 04:00:00;2023-04-21 05:00:00;True;-2.06687664431583;47.318896029650766;317521.3409009125;6703228.095208768
Loire-Atlantique;Donges;44052;PARSCAU DU PLESSIS;FR23178;industrial;PM2.5;6001;11.0;µg/m3;horaire;2023-04-21 04:00:00;2023-04-21 05:00:00;True;-2.06687664431583;47.318896029650766;317521.3409009125;6703228.095208768
Loire-Atlantique;Donges;44052;PARSCAU DU PLESSIS;FR23178;industrial;SO2;1;0.0;µg/m3;horaire;2023-04-21 04:00:00;2023-04-21 05:00:00;True;-2.06687664431583;47.318896029650766;317521.3409009125;6703228.095208768
Loire-Atlantique;Saint-Nazaire;44184;PARC PAYSAGER;FR23181;background;NO;38;0.35;µg/m3;horaire;2023-04-21 04:00:00;2023-04-21 05:00:00;True;-2.2231753057476937;47.273129394194775;305403.8853541548;6698924.134703943
Loire-Atlantique;Saint-Nazaire;44184;PARC PAYSAGER;FR23181;background;NO2;8;8.9;µg/m3;horaire;2023-04-21 04:00:00;2023-04-21 05:00:00;True;-2.2231753057476937;47.273129394194775;305403.8853541548;6698924.134703943
Loire-Atlantique;Saint-Nazaire;44184;PARC PAYSAGER;FR23181;background;NOx;9;9.4;µg/m3 eq NO2;horaire;2023-04-21 04:00:00;2023-04-21 05:00:00;True;-2.2231753057476937;47.273129394194775;305403.8853541548;6698924.134703943
Loire-Atlantique;Saint-Nazaire;44184;PARC PAYSAGER;FR23181;background;SO2;1;0.57;µg/m3;horaire;2023-04-21 04:00:00;2023-04-21 05:00:00;True;-2.2231753057476937;47.273129394194775;305403.8853541548;6698924.134703943
Sarthe;Le Mans;72181;SOURCES;FR23182;background;NO2;8;11.0;µg/m3;horaire;2023-04-21 04:00:00;2023-04-21 05:00:00;True;0.2213390216306751;47.971141853614576;492698.55226572393;6767064.748575544
Sarthe;Le Mans;72181;SOURCES;FR23182;background;NO;38;1.3;µg/m3;horaire;2023-04-21 04:00:00;2023-04-21 05:00:00;True;0.2213390216306751;47.971141853614576;492698.55226572393;6767064.748575544
Sarthe;Le Mans;72181;SOURCES;FR23182;background;NOx;9;13.0;µg/m3 eq NO2;horaire;2023-04-21 04:00:00;2023-04-21 05:00:00;True;0.2213390216306751;47.971141853614576;492698.55226572393;6767064.748575544
Sarthe;Le Mans;72181;SOURCES;FR23182;background;O3;7;45.0;µg/m3;horaire;2023-04-21 04:00:00;2023-04-21 05:00:00;True;0.2213390216306751;47.971141853614576;492698.55226572393;6767064.748575544
Sarthe;Le Mans;72181;SOURCES;FR23182;background;PM10;5;22.0;µg/m3;horaire;2023-04-21 04:00:00;2023-04-21 05:00:00;True;0.2213390216306751;47.971141853614576;492698.55226572393;6767064.748575544
Sarthe;Le Mans;72181;SOURCES;FR23182;background;PM2.5;6001;20.0;µg/m3;horaire;2023-04-21 04:00:00;2023-04-21 05:00:00;True;0.2213390216306751;47.971141853614576;492698.55226572393;6767064.748575544
Loire-Atlantique;Nantes;44109;CIM BOUTEILLERIE;FR23188;background;BCwb;;15.0;%;horaire;2023-04-21 04:00:00;2023-04-21 05:00:00;True;-1.5374268258113177;47.22217589146574;356823.8361417605;6690071.409167136
Loire-Atlantique;Nantes;44109;CIM BOUTEILLERIE;FR23188;background;Hg;;0.27;ng/m3;horaire;2023-04-21 04:00:00;2023-04-21 05:00:00;True;-1.5374268258113177;47.22217589146574;356823.8361417605;6690071.409167136
Loire-Atlantique;Nantes;44109;CIM BOUTEILLERIE;FR23188;background;NO2;8;9.9;µg/m3;horaire;2023-04-21 04:00:00;2023-04-21 05:00:00;True;-1.5374268258113177;47.22217589146574;356823.8361417605;6690071.409167136
Loire-Atlantique;Nantes;44109;CIM BOUTEILLERIE;FR23188;background;NO;38;0.88;µg/m3;horaire;2023-04-21 04:00:00;2023-04-21 05:00:00;True;-1.5374268258113177;47.22217589146574;356823.8361417605;6690071.409167136
Loire-Atlantique;Nantes;44109;CIM BOUTEILLERIE;FR23188;background;NOx;9;11.0;µg/m3 eq NO2;horaire;2023-04-21 04:00:00;2023-04-21 05:00:00;True;-1.5374268258113177;47.22217589146574;356823.8361417605;6690071.409167136
Loire-Atlantique;Nantes;44109;CIM BOUTEILLERIE;FR23188;background;O3;7;49.0;µg/m3;horaire;2023-04-21 04:00:00;2023-04-21 05:00:00;True;-1.5374268258113177;47.22217589146574;356823.8361417605;6690071.409167136
Loire-Atlantique;Nantes;44109;CIM BOUTEILLERIE;FR23188;background;PM10;5;21.0;µg/m3;horaire;2023-04-21 04:00:00;2023-04-21 05:00:00;True;-1.5374268258113177;47.22217589146574;356823.8361417605;6690071.409167136
Loire-Atlantique;Nantes;44109;CIM BOUTEILLERIE;FR23188;background;PM2.5;6001;16.0;µg/m3;horaire;2023-04-21 04:00:00;2023-04-21 05:00:00;True;-1.5374268258113177;47.22217589146574;356823.8361417605;6690071.409167136
Loire-Atlantique;Nantes;44109;CIM BOUTEILLERIE;FR23188;background;PUF;;3798.0;P/cm3;horaire;2023-04-21 04:00:00;2023-04-21 05:00:00;True;-1.5374268258113177;47.22217589146574;356823.8361417605;6690071.409167136
Loire-Atlantique;Pornichet;44132;GASPARD;FR23230;background;O3;7;63.0;µg/m3;horaire;2023-04-21 04:00:00;2023-04-21 05:00:00;True;-2.3320669999999977;47.253055999964715;297039.3525861991;6697249.291127122
Loire-Atlantique;Rezé;44143;TRENTEMOULT;FR23238;specific;PM10;5;23.0;µg/m3;horaire;2023-04-21 04:00:00;2023-04-21 05:00:00;True;-1.5816779999999988;47.194146999964396;353300.20766508416;6687156.526597275
Loire-Atlantique;Rezé;44143;TRENTEMOULT;FR23238;specific;PM2.5;6001;13.0;µg/m3;horaire;2023-04-21 04:00:00;2023-04-21 05:00:00;True;-1.5816779999999988;47.194146999964396;353300.20766508416;6687156.526597275
Loire-Atlantique;Bouguenais;44020;LES COUETS;FR23239;industrial;NO2;8;19.0;µg/m3;horaire;2023-04-21 04:00:00;2023-04-21 05:00:00;True;-1.591496999999999;47.18591899996436;352504.9179813179;6686287.290819376
Loire-Atlantique;Bouguenais;44020;LES COUETS;FR23239;industrial;NO;38;2.0;µg/m3;horaire;2023-04-21 04:00:00;2023-04-21 05:00:00;True;-1.591496999999999;47.18591899996436;352504.9179813179;6686287.290819376
Loire-Atlantique;Bouguenais;44020;LES COUETS;FR23239;industrial;NOx;9;22.0;µg/m3 eq NO2;horaire;2023-04-21 04:00:00;2023-04-21 05:00:00;True;-1.591496999999999;47.18591899996436;352504.9179813179;6686287.290819376
Loire-Atlantique;Bouguenais;44020;LES COUETS;FR23239;industrial;PM10;5;24.0;µg/m3;horaire;2023-04-21 04:00:00;2023-04-21 05:00:00;True;-1.591496999999999;47.18591899996436;352504.9179813179;6686287.290819376
Loire-Atlantique;Bouguenais;44020;LES COUETS;FR23239;industrial;PM2.5;6001;12.0;µg/m3;horaire;2023-04-21 04:00:00;2023-04-21 05:00:00;True;-1.591496999999999;47.18591899996436;352504.9179813179;6686287.290819376
Maine-et-Loire;Angers;49007;ROI RENE;FR23242;traffic;NO;38;4.7;µg/m3;horaire;2023-04-21 04:00:00;2023-04-21 05:00:00;True;-0.5546410000000003;47.46693799998293;432320.60333853256;6713423.849690912
Maine-et-Loire;Angers;49007;ROI RENE;FR23242;traffic;NO2;8;21.0;µg/m3;horaire;2023-04-21 04:00:00;2023-04-21 05:00:00;True;-0.5546410000000003;47.46693799998293;432320.60333853256;6713423.849690912
Maine-et-Loire;Angers;49007;ROI RENE;FR23242;traffic;NOx;9;28.0;µg/m3 eq NO2;horaire;2023-04-21 04:00:00;2023-04-21 05:00:00;True;-0.5546410000000003;47.46693799998293;432320.60333853256;6713423.849690912
Maine-et-Loire;Angers;49007;ROI RENE;FR23242;traffic;PM10;5;23.0;µg/m3;horaire;2023-04-21 04:00:00;2023-04-21 05:00:00;True;-0.5546410000000003;47.46693799998293;432320.60333853256;6713423.849690912
Loire-Atlantique;Montoir-De-Bretagne;44103;CAMEE;FR23249;industrial;NO2;8;7.5;µg/m3;horaire;2023-04-21 04:00:00;2023-04-21 05:00:00;True;-2.1273331951941428;47.32113812654744;312980.25164916983;6703771.212179752
Loire-Atlantique;Montoir-De-Bretagne;44103;CAMEE;FR23249;industrial;NO;38;0.4;µg/m3;horaire;2023-04-21 04:00:00;2023-04-21 05:00:00;True;-2.1273331951941428;47.32113812654744;312980.25164916983;6703771.212179752
Loire-Atlantique;Montoir-De-Bretagne;44103;CAMEE;FR23249;industrial;NOx;9;8.1;µg/m3 eq NO2;horaire;2023-04-21 04:00:00;2023-04-21 05:00:00;True;-2.1273331951941428;47.32113812654744;312980.25164916983;6703771.212179752
Loire-Atlantique;Montoir-De-Bretagne;44103;CAMEE;FR23249;industrial;PM10;5;15.0;µg/m3;horaire;2023-04-21 04:00:00;2023-04-21 05:00:00;True;-2.1273331951941428;47.32113812654744;312980.25164916983;6703771.212179752
Loire-Atlantique;Montoir-De-Bretagne;44103;CAMEE;FR23249;industrial;PM2.5;6001;11.0;µg/m3;horaire;2023-04-21 04:00:00;2023-04-21 05:00:00;True;-2.1273331951941428;47.32113812654744;312980.25164916983;6703771.212179752
Loire-Atlantique;Montoir-De-Bretagne;44103;CAMEE;FR23249;industrial;SO2;1;2.0;µg/m3;horaire;2023-04-21 04:00:00;2023-04-21 05:00:00;True;-2.1273331951941428;47.32113812654744;312980.25164916983;6703771.212179752
Loire-Atlantique;Nantes;44109;FRERES GONCOURT;FR23251;traffic;C6H5-C2H5;431;0.32;µg/m3;horaire;2023-04-21 04:00:00;2023-04-21 05:00:00;True;-1.564803;47.23354499998231;354828.5774908221;6691451.497810739
Loire-Atlantique;Nantes;44109;FRERES GONCOURT;FR23251;traffic;C6H5-CH3;21;2.0;µg/m3;horaire;2023-04-21 04:00:00;2023-04-21 05:00:00;True;-1.564803;47.23354499998231;354828.5774908221;6691451.497810739
Loire-Atlantique;Nantes;44109;FRERES GONCOURT;FR23251;traffic;C6H6;20;1.2;µg/m3;horaire;2023-04-21 04:00:00;2023-04-21 05:00:00;True;-1.564803;47.23354499998231;354828.5774908221;6691451.497810739
Loire-Atlantique;Nantes;44109;FRERES GONCOURT;FR23251;traffic;CO;10;0.18;mg/m3;horaire;2023-04-21 04:00:00;2023-04-21 05:00:00;True;-1.564803;47.23354499998231;354828.5774908221;6691451.497810739
Loire-Atlantique;Nantes;44109;FRERES GONCOURT;FR23251;traffic;m,p-C6H4(CH3)2;464;1.1;µg/m3;horaire;2023-04-21 04:00:00;2023-04-21 05:00:00;True;-1.564803;47.23354499998231;354828.5774908221;6691451.497810739
Loire-Atlantique;Nantes;44109;FRERES GONCOURT;FR23251;traffic;NO;38;9.3;µg/m3;horaire;2023-04-21 04:00:00;2023-04-21 05:00:00;True;-1.564803;47.23354499998231;354828.5774908221;6691451.497810739
Loire-Atlantique;Nantes;44109;FRERES GONCOURT;FR23251;traffic;NO2;8;18.0;µg/m3;horaire;2023-04-21 04:00:00;2023-04-21 05:00:00;True;-1.564803;47.23354499998231;354828.5774908221;6691451.497810739
Loire-Atlantique;Nantes;44109;FRERES GONCOURT;FR23251;traffic;NOx;9;32.0;µg/m3 eq NO2;horaire;2023-04-21 04:00:00;2023-04-21 05:00:00;True;-1.564803;47.23354499998231;354828.5774908221;6691451.497810739
Loire-Atlantique;Nantes;44109;FRERES GONCOURT;FR23251;traffic;o-C6H4-(CH3)2;482;0.42;µg/m3;horaire;2023-04-21 04:00:00;2023-04-21 05:00:00;True;-1.564803;47.23354499998231;354828.5774908221;6691451.497810739
Loire-Atlantique;Nantes;44109;FRERES GONCOURT;FR23251;traffic;PM10;5;20.0;µg/m3;horaire;2023-04-21 04:00:00;2023-04-21 05:00:00;True;-1.564803;47.23354499998231;354828.5774908221;6691451.497810739
Loire-Atlantique;Nantes;44109;FRERES GONCOURT;FR23251;traffic;PM2.5;6001;11.0;µg/m3;horaire;2023-04-21 04:00:00;2023-04-21 05:00:00;True;-1.564803;47.23354499998231;354828.5774908221;6691451.497810739
Loire-Atlantique;Donges;44052;AMPERE;FR23001;industrial;SO2;1;0.25;µg/m3;horaire;2023-04-21 03:00:00;2023-04-21 04:00:00;True;-2.0813729293078014;47.324243646620644;316466.7822100732;6703891.209852793
Loire-Atlantique;Donges;44052;LA MEGRETAIS;FR23003;industrial;NO2;8;6.5;µg/m3;horaire;2023-04-21 03:00:00;2023-04-21 04:00:00;True;-2.039245335998521;47.322705228858595;319631.26531024784;6703516.8929397985
Loire-Atlantique;Donges;44052;LA MEGRETAIS;FR23003;industrial;NO;38;0.0;µg/m3;horaire;2023-04-21 03:00:00;2023-04-21 04:00:00;True;-2.039245335998521;47.322705228858595;319631.26531024784;6703516.8929397985
Loire-Atlantique;Donges;44052;LA MEGRETAIS;FR23003;industrial;NOx;9;6.4;µg/m3 eq NO2;horaire;2023-04-21 03:00:00;2023-04-21 04:00:00;True;-2.039245335998521;47.322705228858595;319631.26531024784;6703516.8929397985
Loire-Atlantique;Donges;44052;LA MEGRETAIS;FR23003;industrial;PM10;5;16.0;µg/m3;horaire;2023-04-21 03:00:00;2023-04-21 04:00:00;True;-2.039245335998521;47.322705228858595;319631.26531024784;6703516.8929397985
Loire-Atlantique;Donges;44052;LA MEGRETAIS;FR23003;industrial;PM2.5;6001;11.0;µg/m3;horaire;2023-04-21 03:00:00;2023-04-21 04:00:00;True;-2.039245335998521;47.322705228858595;319631.26531024784;6703516.8929397985
Loire-Atlantique;Donges;44052;LA MEGRETAIS;FR23003;industrial;SO2;1;0.0;µg/m3;horaire;2023-04-21 03:00:00;2023-04-21 04:00:00;True;-2.039245335998521;47.322705228858595;319631.26531024784;6703516.8929397985
Loire-Atlantique;Donges;44052;PASTEUR;FR23004;industrial;H2S;11;0.33;µg/m3;horaire;2023-04-21 03:00:00;2023-04-21 04:00:00;True;-2.073374401966883;47.31740262661712;317020.8741071;6703094.040787983
Loire-Atlantique;Donges;44052;PASTEUR;FR23004;industrial;SO2;1;0.25;µg/m3;horaire;2023-04-21 03:00:00;2023-04-21 04:00:00;True;-2.073374401966883;47.31740262661712;317020.8741071;6703094.040787983
Loire-Atlantique;Frossay;44061;FROSSAY;FR23068;industrial;NO2;8;3.4;µg/m3;horaire;2023-04-21 03:00:00;2023-04-21 04:00:00;True;-1.9365235553956817;47.24735229625331;326851.68236097385;6694673.195316758
Loire-Atlantique;Frossay;44061;FROSSAY;FR23068;industrial;NO;38;0.0;µg/m3;horaire;2023-04-21 03:00:00;2023-04-21 04:00:00;True;-1.9365235553956817;47.24735229625331;326851.68236097385;6694673.195316758
Loire-Atlantique;Frossay;44061;FROSSAY;FR23068;industrial;NOx;9;3.2;µg/m3 eq NO2;horaire;2023-04-21 03:00:00;2023-04-21 04:00:00;True;-1.9365235553956817;47.24735229625331;326851.68236097385;6694673.195316758
Loire-Atlantique;Frossay;44061;FROSSAY;FR23068;industrial;PM10;5;20.0;µg/m3;horaire;2023-04-21 03:00:00;2023-04-21 04:00:00;True;-1.9365235553956817;47.24735229625331;326851.68236097385;6694673.195316758
Loire-Atlantique;Frossay;44061;FROSSAY;FR23068;industrial;SO2;1;0.0;µg/m3;horaire;2023-04-21 03:00:00;2023-04-21 04:00:00;True;-1.9365235553956817;47.24735229625331;326851.68236097385;6694673.195316758
Loire-Atlantique;Savenay;44195;SAVENAY;FR23069;industrial;SO2;1;0.18;µg/m3;horaire;2023-04-21 03:00:00;2023-04-21 04:00:00;True;-1.9535935295608815;47.36020691809557;326348.9822352358;6707265.42533564
Loire-Atlantique;Saint-Etienne-De-Montluc;44158;SAINT ETIENNE DE MONTLUC;FR23070;industrial;NO2;8;3.8;µg/m3;horaire;2023-04-21 03:00:00;2023-04-21 04:00:00;True;-1.7830812813449453;47.28312712300018;338676.42390903604;6697925.914501535
Loire-Atlantique;Saint-Etienne-De-Montluc;44158;SAINT ETIENNE DE MONTLUC;FR23070;industrial;NO;38;0.0;µg/m3;horaire;2023-04-21 03:00:00;2023-04-21 04:00:00;True;-1.7830812813449453;47.28312712300018;338676.42390903604;6697925.914501535
Loire-Atlantique;Saint-Etienne-De-Montluc;44158;SAINT ETIENNE DE MONTLUC;FR23070;industrial;NOx;9;3.1;µg/m3 eq NO2;horaire;2023-04-21 03:00:00;2023-04-21 04:00:00;True;-1.7830812813449453;47.28312712300018;338676.42390903604;6697925.914501535
Loire-Atlantique;Saint-Etienne-De-Montluc;44158;SAINT ETIENNE DE MONTLUC;FR23070;industrial;PM10;5;16.0;µg/m3;horaire;2023-04-21 03:00:00;2023-04-21 04:00:00;True;-1.7830812813449453;47.28312712300018;338676.42390903604;6697925.914501535
Loire-Atlantique;Saint-Etienne-De-Montluc;44158;SAINT ETIENNE DE MONTLUC;FR23070;industrial;PM2.5;6001;12.0;µg/m3;horaire;2023-04-21 03:00:00;2023-04-21 04:00:00;True;-1.7830812813449453;47.28312712300018;338676.42390903604;6697925.914501535
Loire-Atlantique;Saint-Etienne-De-Montluc;44158;SAINT ETIENNE DE MONTLUC;FR23070;industrial;SO2;1;0.0;µg/m3;horaire;2023-04-21 03:00:00;2023-04-21 04:00:00;True;-1.7830812813449453;47.28312712300018;338676.42390903604;6697925.914501535
Loire-Atlantique;Trignac;44210;JULES VERNE;FR23075;industrial;NO2;8;8.8;µg/m3;horaire;2023-04-21 03:00:00;2023-04-21 04:00:00;True;-2.1904076735030835;47.315645037165524;308186.02080619615;6703473.391126138
Loire-Atlantique;Trignac;44210;JULES VERNE;FR23075;industrial;NO;38;1.2;µg/m3;horaire;2023-04-21 03:00:00;2023-04-21 04:00:00;True;-2.1904076735030835;47.315645037165524;308186.02080619615;6703473.391126138
Loire-Atlantique;Trignac;44210;JULES VERNE;FR23075;industrial;NOx;9;11.0;µg/m3 eq NO2;horaire;2023-04-21 03:00:00;2023-04-21 04:00:00;True;-2.1904076735030835;47.315645037165524;308186.02080619615;6703473.391126138
Maine-et-Loire;Cholet;49099;SAINT EXUPERY;FR23078;background;NO2;8;11.0;µg/m3;horaire;2023-04-21 03:00:00;2023-04-21 04:00:00;True;-0.8835758137839181;47.055828646104125;405324.4925768649;6668979.670961294
Maine-et-Loire;Cholet;49099;SAINT EXUPERY;FR23078;background;NO;38;0.88;µg/m3;horaire;2023-04-21 03:00:00;2023-04-21 04:00:00;True;-0.8835758137839181;47.055828646104125;405324.4925768649;6668979.670961294
Maine-et-Loire;Cholet;49099;SAINT EXUPERY;FR23078;background;NOx;9;12.0;µg/m3 eq NO2;horaire;2023-04-21 03:00:00;2023-04-21 04:00:00;True;-0.8835758137839181;47.055828646104125;405324.4925768649;6668979.670961294
Maine-et-Loire;Cholet;49099;SAINT EXUPERY;FR23078;background;O3;7;47.0;µg/m3;horaire;2023-04-21 03:00:00;2023-04-21 04:00:00;True;-0.8835758137839181;47.055828646104125;405324.4925768649;6668979.670961294
Maine-et-Loire;Cholet;49099;SAINT EXUPERY;FR23078;background;PM10;5;19.0;µg/m3;horaire;2023-04-21 03:00:00;2023-04-21 04:00:00;True;-0.8835758137839181;47.055828646104125;405324.4925768649;6668979.670961294
Loire-Atlantique;Nantes;44109;LA CHAUVINIERE;FR23107;background;NO2;8;6.5;µg/m3;horaire;2023-04-21 03:00:00;2023-04-21 04:00:00;True;-1.5732745401793513;47.25291196744293;354313.2357701814;6693636.219563372
Loire-Atlantique;Nantes;44109;LA CHAUVINIERE;FR23107;background;NO;38;0.53;µg/m3;horaire;2023-04-21 03:00:00;2023-04-21 04:00:00;True;-1.5732745401793513;47.25291196744293;354313.2357701814;6693636.219563372
Loire-Atlantique;Nantes;44109;LA CHAUVINIERE;FR23107;background;NOx;9;7.3;µg/m3 eq NO2;horaire;2023-04-21 03:00:00;2023-04-21 04:00:00;True;-1.5732745401793513;47.25291196744293;354313.2357701814;6693636.219563372
Loire-Atlantique;Nantes;44109;LA CHAUVINIERE;FR23107;background;PM10;5;19.0;µg/m3;horaire;2023-04-21 03:00:00;2023-04-21 04:00:00;True;-1.5732745401793513;47.25291196744293;354313.2357701814;6693636.219563372
Loire-Atlantique;Nantes;44109;LA CHAUVINIERE;FR23107;background;PM2.5;6001;15.0;µg/m3;horaire;2023-04-21 03:00:00;2023-04-21 04:00:00;True;-1.5732745401793513;47.25291196744293;354313.2357701814;6693636.219563372
Loire-Atlantique;Saint-Nazaire;44184;LEON BLUM;FR23110;background;NO2;8;5.4;µg/m3;horaire;2023-04-21 03:00:00;2023-04-21 04:00:00;True;-2.2501538782724806;47.26411028437446;303302.1643903805;6698059.671526036
Loire-Atlantique;Saint-Nazaire;44184;LEON BLUM;FR23110;background;NO;38;0.38;µg/m3;horaire;2023-04-21 03:00:00;2023-04-21 04:00:00;True;-2.2501538782724806;47.26411028437446;303302.1643903805;6698059.671526036
Loire-Atlantique;Saint-Nazaire;44184;LEON BLUM;FR23110;background;NOx;9;6.0;µg/m3 eq NO2;horaire;2023-04-21 03:00:00;2023-04-21 04:00:00;True;-2.2501538782724806;47.26411028437446;303302.1643903805;6698059.671526036
Loire-Atlantique;Saint-Nazaire;44184;LEON BLUM;FR23110;background;O3;7;63.0;µg/m3;horaire;2023-04-21 03:00:00;2023-04-21 04:00:00;True;-2.2501538782724806;47.26411028437446;303302.1643903805;6698059.671526036
Loire-Atlantique;Saint-Nazaire;44184;LEON BLUM;FR23110;background;PM10;5;17.0;µg/m3;horaire;2023-04-21 03:00:00;2023-04-21 04:00:00;True;-2.2501538782724806;47.26411028437446;303302.1643903805;6698059.671526036
Loire-Atlantique;Saint-Nazaire;44184;LEON BLUM;FR23110;background;PM2.5;6001;6.7;µg/m3;horaire;2023-04-21 03:00:00;2023-04-21 04:00:00;True;-2.2501538782724806;47.26411028437446;303302.1643903805;6698059.671526036
Maine-et-Loire;Angers;49007;BEAUX ARTS;FR23120;background;NO2;8;12.0;µg/m3;horaire;2023-04-21 03:00:00;2023-04-21 04:00:00;True;-0.5559330038543386;47.46849236147444;432231.14920499554;6713600.72883131
Maine-et-Loire;Angers;49007;BEAUX ARTS;FR23120;background;NO;38;1.2;µg/m3;horaire;2023-04-21 03:00:00;2023-04-21 04:00:00;True;-0.5559330038543386;47.46849236147444;432231.14920499554;6713600.72883131
Maine-et-Loire;Angers;49007;BEAUX ARTS;FR23120;background;NOx;9;13.0;µg/m3 eq NO2;horaire;2023-04-21 03:00:00;2023-04-21 04:00:00;True;-0.5559330038543386;47.46849236147444;432231.14920499554;6713600.72883131
Maine-et-Loire;Angers;49007;BEAUX ARTS;FR23120;background;PM10;5;23.0;µg/m3;horaire;2023-04-21 03:00:00;2023-04-21 04:00:00;True;-0.5559330038543386;47.46849236147444;432231.14920499554;6713600.72883131
Maine-et-Loire;Angers;49007;BEAUX ARTS;FR23120;background;PM2.5;6001;18.0;µg/m3;horaire;2023-04-21 03:00:00;2023-04-21 04:00:00;True;-0.5559330038543386;47.46849236147444;432231.14920499554;6713600.72883131
Mayenne;Laval;53130;MAZAGRAN;FR23123;background;NO2;8;11.0;µg/m3;horaire;2023-04-21 03:00:00;2023-04-21 04:00:00;True;-0.7681529262800582;48.06936514490995;419447.0551375298;6781027.2411395665
Mayenne;Laval;53130;MAZAGRAN;FR23123;background;NO;38;0.85;µg/m3;horaire;2023-04-21 03:00:00;2023-04-21 04:00:00;True;-0.7681529262800582;48.06936514490995;419447.0551375298;6781027.2411395665
Mayenne;Laval;53130;MAZAGRAN;FR23123;background;NOx;9;12.0;µg/m3 eq NO2;horaire;2023-04-21 03:00:00;2023-04-21 04:00:00;True;-0.7681529262800582;48.06936514490995;419447.0551375298;6781027.2411395665
Mayenne;Laval;53130;MAZAGRAN;FR23123;background;O3;7;44.0;µg/m3;horaire;2023-04-21 03:00:00;2023-04-21 04:00:00;True;-0.7681529262800582;48.06936514490995;419447.0551375298;6781027.2411395665
Mayenne;Laval;53130;MAZAGRAN;FR23123;background;PM10;5;15.0;µg/m3;horaire;2023-04-21 03:00:00;2023-04-21 04:00:00;True;-0.7681529262800582;48.06936514490995;419447.0551375298;6781027.2411395665
Vendée;La Tardière;85289;LA TARDIERE;FR23124;background;NH3;35;3.6;µg/m3;horaire;2023-04-21 03:00:00;2023-04-21 04:00:00;True;-0.7433812921256286;46.65662489362803;413852.8420801177;6624178.2980740825
Vendée;La Tardière;85289;LA TARDIERE;FR23124;background;NO2;8;6.4;µg/m3;horaire;2023-04-21 03:00:00;2023-04-21 04:00:00;True;-0.7433812921256286;46.65662489362803;413852.8420801177;6624178.2980740825
Vendée;La Tardière;85289;LA TARDIERE;FR23124;background;NO;38;0.75;µg/m3;horaire;2023-04-21 03:00:00;2023-04-21 04:00:00;True;-0.7433812921256286;46.65662489362803;413852.8420801177;6624178.2980740825
Vendée;La Tardière;85289;LA TARDIERE;FR23124;background;NOx;9;7.4;µg/m3 eq NO2;horaire;2023-04-21 03:00:00;2023-04-21 04:00:00;True;-0.7433812921256286;46.65662489362803;413852.8420801177;6624178.2980740825
Vendée;La Tardière;85289;LA TARDIERE;FR23124;background;O3;7;60.0;µg/m3;horaire;2023-04-21 03:00:00;2023-04-21 04:00:00;True;-0.7433812921256286;46.65662489362803;413852.8420801177;6624178.2980740825
Vendée;La Tardière;85289;LA TARDIERE;FR23124;background;PM10;5;;µg/m3;horaire;2023-04-21 03:00:00;2023-04-21 04:00:00;False;-0.7433812921256286;46.65662489362803;413852.8420801177;6624178.2980740825
Vendée;La Tardière;85289;LA TARDIERE;FR23124;background;PM10;5;21.0;µg/m3;horaire;2023-04-21 03:00:00;2023-04-21 04:00:00;True;-0.7433812921256286;46.65662489362803;413852.8420801177;6624178.2980740825
Vendée;La Tardière;85289;LA TARDIERE;FR23124;background;PM2.5;6001;;µg/m3;horaire;2023-04-21 03:00:00;2023-04-21 04:00:00;False;-0.7433812921256286;46.65662489362803;413852.8420801177;6624178.2980740825
Loire-Atlantique;Paimbœuf;44116;CUTULLIC2;FR23149;industrial;SO2;1;0.88;µg/m3;horaire;2023-04-21 03:00:00;2023-04-21 04:00:00;True;-2.0324417113714177;47.28616795300179;319885.62629199366;6699433.757790069
Maine-et-Loire;Angers;49007;APPENTIS;FR23150;background;NO2;8;9.2;µg/m3;horaire;2023-04-21 03:00:00;2023-04-21 04:00:00;True;-0.5501000222079123;47.447336007801624;432564.4583844049;6711233.097282906
Maine-et-Loire;Angers;49007;APPENTIS;FR23150;background;NO;38;0.88;µg/m3;horaire;2023-04-21 03:00:00;2023-04-21 04:00:00;True;-0.5501000222079123;47.447336007801624;432564.4583844049;6711233.097282906
Maine-et-Loire;Angers;49007;APPENTIS;FR23150;background;NOx;9;10.0;µg/m3 eq NO2;horaire;2023-04-21 03:00:00;2023-04-21 04:00:00;True;-0.5501000222079123;47.447336007801624;432564.4583844049;6711233.097282906
Maine-et-Loire;Angers;49007;APPENTIS;FR23150;background;O3;7;55.0;µg/m3;horaire;2023-04-21 03:00:00;2023-04-21 04:00:00;True;-0.5501000222079123;47.447336007801624;432564.4583844049;6711233.097282906
Vendée;La Roche-Sur-Yon;85191;DELACROIX;FR23152;background;NO2;8;8.3;µg/m3;horaire;2023-04-21 03:00:00;2023-04-21 04:00:00;True;-1.4368610961896655;46.66064836113053;360919.2021133019;6627370.063373093
Vendée;La Roche-Sur-Yon;85191;DELACROIX;FR23152;background;NO;38;0.43;µg/m3;horaire;2023-04-21 03:00:00;2023-04-21 04:00:00;True;-1.4368610961896655;46.66064836113053;360919.2021133019;6627370.063373093
Vendée;La Roche-Sur-Yon;85191;DELACROIX;FR23152;background;NOx;9;9.0;µg/m3 eq NO2;horaire;2023-04-21 03:00:00;2023-04-21 04:00:00;True;-1.4368610961896655;46.66064836113053;360919.2021133019;6627370.063373093
Vendée;La Roche-Sur-Yon;85191;DELACROIX;FR23152;background;O3;7;54.0;µg/m3;horaire;2023-04-21 03:00:00;2023-04-21 04:00:00;True;-1.4368610961896655;46.66064836113053;360919.2021133019;6627370.063373093
Vendée;La Roche-Sur-Yon;85191;DELACROIX;FR23152;background;PM10;5;16.0;µg/m3;horaire;2023-04-21 03:00:00;2023-04-21 04:00:00;True;-1.4368610961896655;46.66064836113053;360919.2021133019;6627370.063373093
Vendée;La Roche-Sur-Yon;85191;DELACROIX;FR23152;background;PM2.5;6001;11.0;µg/m3;horaire;2023-04-21 03:00:00;2023-04-21 04:00:00;True;-1.4368610961896655;46.66064836113053;360919.2021133019;6627370.063373093
Loire-Atlantique;Bouaye;44018;EPINETTES;FR23157;background;O3;7;61.0;µg/m3;horaire;2023-04-21 03:00:00;2023-04-21 04:00:00;True;-1.6902690000000005;47.14608799999988;344775.68549371266;6682310.180873801
Sarthe;Spay;72344;FILLE;FR23163;background;O3;7;46.0;µg/m3;horaire;2023-04-21 03:00:00;2023-04-21 04:00:00;True;0.1518948064395943;47.92192248604607;487322.6743667995;6761783.716825325
Sarthe;Le Mans;72181;GUEDOU;FR23174;background;NO2;8;11.0;µg/m3;horaire;2023-04-21 03:00:00;2023-04-21 04:00:00;True;0.19605011554765286;47.98894827304624;490882.9153232856;6769108.857118812
Sarthe;Le Mans;72181;GUEDOU;FR23174;background;NO;38;1.5;µg/m3;horaire;2023-04-21 03:00:00;2023-04-21 04:00:00;True;0.19605011554765286;47.98894827304624;490882.9153232856;6769108.857118812
Sarthe;Le Mans;72181;GUEDOU;FR23174;background;NOx;9;14.0;µg/m3 eq NO2;horaire;2023-04-21 03:00:00;2023-04-21 04:00:00;True;0.19605011554765286;47.98894827304624;490882.9153232856;6769108.857118812
Maine-et-Loire;Bouchemaine;49035;CLOS DES BEAUVAIS;FR23175;background;O3;7;52.0;µg/m3;horaire;2023-04-21 03:00:00;2023-04-21 04:00:00;True;-0.6100060021346906;47.43011900354789;427967.33949541056;6709527.093695923
Mayenne;Saint-Denis-D'Anjou;53210;SAINT DENIS D'ANJOU;FR23177;background;NO;38;0.23;µg/m3;horaire;2023-04-21 03:00:00;2023-04-21 04:00:00;True;-0.4447696525665919;47.7883321330413;442146.2573931599;6748729.6000822345
Mayenne;Saint-Denis-D'Anjou;53210;SAINT DENIS D'ANJOU;FR23177;background;NO2;8;7.6;µg/m3;horaire;2023-04-21 03:00:00;2023-04-21 04:00:00;True;-0.4447696525665919;47.7883321330413;442146.2573931599;6748729.6000822345
Mayenne;Saint-Denis-D'Anjou;53210;SAINT DENIS D'ANJOU;FR23177;background;NOx;9;8.0;µg/m3 eq NO2;horaire;2023-04-21 03:00:00;2023-04-21 04:00:00;True;-0.4447696525665919;47.7883321330413;442146.2573931599;6748729.6000822345
Mayenne;Saint-Denis-D'Anjou;53210;SAINT DENIS D'ANJOU;FR23177;background;O3;7;47.0;µg/m3;horaire;2023-04-21 03:00:00;2023-04-21 04:00:00;True;-0.4447696525665919;47.7883321330413;442146.2573931599;6748729.6000822345
Mayenne;Saint-Denis-D'Anjou;53210;SAINT DENIS D'ANJOU;FR23177;background;PM10;5;23.0;µg/m3;horaire;2023-04-21 03:00:00;2023-04-21 04:00:00;True;-0.4447696525665919;47.7883321330413;442146.2573931599;6748729.6000822345
Loire-Atlantique;Donges;44052;PARSCAU DU PLESSIS;FR23178;industrial;NO;38;0.18;µg/m3;horaire;2023-04-21 03:00:00;2023-04-21 04:00:00;True;-2.06687664431583;47.318896029650766;317521.3409009125;6703228.095208768
Loire-Atlantique;Donges;44052;PARSCAU DU PLESSIS;FR23178;industrial;NO2;8;4.2;µg/m3;horaire;2023-04-21 03:00:00;2023-04-21 04:00:00;True;-2.06687664431583;47.318896029650766;317521.3409009125;6703228.095208768
Loire-Atlantique;Donges;44052;PARSCAU DU PLESSIS;FR23178;industrial;NOx;9;4.5;µg/m3 eq NO2;horaire;2023-04-21 03:00:00;2023-04-21 04:00:00;True;-2.06687664431583;47.318896029650766;317521.3409009125;6703228.095208768
Loire-Atlantique;Donges;44052;PARSCAU DU PLESSIS;FR23178;industrial;PM10;5;15.0;µg/m3;horaire;2023-04-21 03:00:00;2023-04-21 04:00:00;True;-2.06687664431583;47.318896029650766;317521.3409009125;6703228.095208768
Loire-Atlantique;Donges;44052;PARSCAU DU PLESSIS;FR23178;industrial;PM2.5;6001;10.0;µg/m3;horaire;2023-04-21 03:00:00;2023-04-21 04:00:00;True;-2.06687664431583;47.318896029650766;317521.3409009125;6703228.095208768
Loire-Atlantique;Donges;44052;PARSCAU DU PLESSIS;FR23178;industrial;SO2;1;0.0;µg/m3;horaire;2023-04-21 03:00:00;2023-04-21 04:00:00;True;-2.06687664431583;47.318896029650766;317521.3409009125;6703228.095208768
Loire-Atlantique;Saint-Nazaire;44184;PARC PAYSAGER;FR23181;background;NO;38;0.25;µg/m3;horaire;2023-04-21 03:00:00;2023-04-21 04:00:00;True;-2.2231753057476937;47.273129394194775;305403.8853541548;6698924.134703943
Loire-Atlantique;Saint-Nazaire;44184;PARC PAYSAGER;FR23181;background;NO2;8;7.1;µg/m3;horaire;2023-04-21 03:00:00;2023-04-21 04:00:00;True;-2.2231753057476937;47.273129394194775;305403.8853541548;6698924.134703943
Loire-Atlantique;Saint-Nazaire;44184;PARC PAYSAGER;FR23181;background;NOx;9;7.5;µg/m3 eq NO2;horaire;2023-04-21 03:00:00;2023-04-21 04:00:00;True;-2.2231753057476937;47.273129394194775;305403.8853541548;6698924.134703943
Loire-Atlantique;Saint-Nazaire;44184;PARC PAYSAGER;FR23181;background;SO2;1;0.53;µg/m3;horaire;2023-04-21 03:00:00;2023-04-21 04:00:00;True;-2.2231753057476937;47.273129394194775;305403.8853541548;6698924.134703943
Sarthe;Le Mans;72181;SOURCES;FR23182;background;NO2;8;8.5;µg/m3;horaire;2023-04-21 03:00:00;2023-04-21 04:00:00;True;0.2213390216306751;47.971141853614576;492698.55226572393;6767064.748575544
Sarthe;Le Mans;72181;SOURCES;FR23182;background;NO;38;1.1;µg/m3;horaire;2023-04-21 03:00:00;2023-04-21 04:00:00;True;0.2213390216306751;47.971141853614576;492698.55226572393;6767064.748575544
Sarthe;Le Mans;72181;SOURCES;FR23182;background;NOx;9;10.0;µg/m3 eq NO2;horaire;2023-04-21 03:00:00;2023-04-21 04:00:00;True;0.2213390216306751;47.971141853614576;492698.55226572393;6767064.748575544
Sarthe;Le Mans;72181;SOURCES;FR23182;background;O3;7;54.0;µg/m3;horaire;2023-04-21 03:00:00;2023-04-21 04:00:00;True;0.2213390216306751;47.971141853614576;492698.55226572393;6767064.748575544
Sarthe;Le Mans;72181;SOURCES;FR23182;background;PM10;5;19.0;µg/m3;horaire;2023-04-21 03:00:00;2023-04-21 04:00:00;True;0.2213390216306751;47.971141853614576;492698.55226572393;6767064.748575544
Sarthe;Le Mans;72181;SOURCES;FR23182;background;PM2.5;6001;18.0;µg/m3;horaire;2023-04-21 03:00:00;2023-04-21 04:00:00;True;0.2213390216306751;47.971141853614576;492698.55226572393;6767064.748575544
Loire-Atlantique;Nantes;44109;CIM BOUTEILLERIE;FR23188;background;BCwb;;20.0;%;horaire;2023-04-21 03:00:00;2023-04-21 04:00:00;True;-1.5374268258113177;47.22217589146574;356823.8361417605;6690071.409167136
Loire-Atlantique;Nantes;44109;CIM BOUTEILLERIE;FR23188;background;Hg;;0.26;ng/m3;horaire;2023-04-21 03:00:00;2023-04-21 04:00:00;True;-1.5374268258113177;47.22217589146574;356823.8361417605;6690071.409167136
Loire-Atlantique;Nantes;44109;CIM BOUTEILLERIE;FR23188;background;NO2;8;6.8;µg/m3;horaire;2023-04-21 03:00:00;2023-04-21 04:00:00;True;-1.5374268258113177;47.22217589146574;356823.8361417605;6690071.409167136
Loire-Atlantique;Nantes;44109;CIM BOUTEILLERIE;FR23188;background;NO;38;0.55;µg/m3;horaire;2023-04-21 03:00:00;2023-04-21 04:00:00;True;-1.5374268258113177;47.22217589146574;356823.8361417605;6690071.409167136
Loire-Atlantique;Nantes;44109;CIM BOUTEILLERIE;FR23188;background;NOx;9;7.7;µg/m3 eq NO2;horaire;2023-04-21 03:00:00;2023-04-21 04:00:00;True;-1.5374268258113177;47.22217589146574;356823.8361417605;6690071.409167136
Loire-Atlantique;Nantes;44109;CIM BOUTEILLERIE;FR23188;background;O3;7;58.0;µg/m3;horaire;2023-04-21 03:00:00;2023-04-21 04:00:00;True;-1.5374268258113177;47.22217589146574;356823.8361417605;6690071.409167136
Loire-Atlantique;Nantes;44109;CIM BOUTEILLERIE;FR23188;background;PM10;5;21.0;µg/m3;horaire;2023-04-21 03:00:00;2023-04-21 04:00:00;True;-1.5374268258113177;47.22217589146574;356823.8361417605;6690071.409167136
Loire-Atlantique;Nantes;44109;CIM BOUTEILLERIE;FR23188;background;PM2.5;6001;16.0;µg/m3;horaire;2023-04-21 03:00:00;2023-04-21 04:00:00;True;-1.5374268258113177;47.22217589146574;356823.8361417605;6690071.409167136
Loire-Atlantique;Nantes;44109;CIM BOUTEILLERIE;FR23188;background;PUF;;3600.0;P/cm3;horaire;2023-04-21 03:00:00;2023-04-21 04:00:00;True;-1.5374268258113177;47.22217589146574;356823.8361417605;6690071.409167136
Loire-Atlantique;Pornichet;44132;GASPARD;FR23230;background;O3;7;70.0;µg/m3;horaire;2023-04-21 03:00:00;2023-04-21 04:00:00;True;-2.3320669999999977;47.253055999964715;297039.3525861991;6697249.291127122
Loire-Atlantique;Rezé;44143;TRENTEMOULT;FR23238;specific;PM10;5;24.0;µg/m3;horaire;2023-04-21 03:00:00;2023-04-21 04:00:00;True;-1.5816779999999988;47.194146999964396;353300.20766508416;6687156.526597275
Loire-Atlantique;Rezé;44143;TRENTEMOULT;FR23238;specific;PM2.5;6001;13.0;µg/m3;horaire;2023-04-21 03:00:00;2023-04-21 04:00:00;True;-1.5816779999999988;47.194146999964396;353300.20766508416;6687156.526597275
Loire-Atlantique;Bouguenais;44020;LES COUETS;FR23239;industrial;NO2;8;10.0;µg/m3;horaire;2023-04-21 03:00:00;2023-04-21 04:00:00;True;-1.591496999999999;47.18591899996436;352504.9179813179;6686287.290819376
Loire-Atlantique;Bouguenais;44020;LES COUETS;FR23239;industrial;NO;38;0.98;µg/m3;horaire;2023-04-21 03:00:00;2023-04-21 04:00:00;True;-1.591496999999999;47.18591899996436;352504.9179813179;6686287.290819376
Loire-Atlantique;Bouguenais;44020;LES COUETS;FR23239;industrial;NOx;9;12.0;µg/m3 eq NO2;horaire;2023-04-21 03:00:00;2023-04-21 04:00:00;True;-1.591496999999999;47.18591899996436;352504.9179813179;6686287.290819376
Loire-Atlantique;Bouguenais;44020;LES COUETS;FR23239;industrial;PM10;5;22.0;µg/m3;horaire;2023-04-21 03:00:00;2023-04-21 04:00:00;True;-1.591496999999999;47.18591899996436;352504.9179813179;6686287.290819376
Loire-Atlantique;Bouguenais;44020;LES COUETS;FR23239;industrial;PM2.5;6001;12.0;µg/m3;horaire;2023-04-21 03:00:00;2023-04-21 04:00:00;True;-1.591496999999999;47.18591899996436;352504.9179813179;6686287.290819376
Maine-et-Loire;Angers;49007;ROI RENE;FR23242;traffic;NO;38;2.5;µg/m3;horaire;2023-04-21 03:00:00;2023-04-21 04:00:00;True;-0.5546410000000003;47.46693799998293;432320.60333853256;6713423.849690912
Maine-et-Loire;Angers;49007;ROI RENE;FR23242;traffic;NO2;8;14.0;µg/m3;horaire;2023-04-21 03:00:00;2023-04-21 04:00:00;True;-0.5546410000000003;47.46693799998293;432320.60333853256;6713423.849690912
Maine-et-Loire;Angers;49007;ROI RENE;FR23242;traffic;NOx;9;18.0;µg/m3 eq NO2;horaire;2023-04-21 03:00:00;2023-04-21 04:00:00;True;-0.5546410000000003;47.46693799998293;432320.60333853256;6713423.849690912
Maine-et-Loire;Angers;49007;ROI RENE;FR23242;traffic;PM10;5;21.0;µg/m3;horaire;2023-04-21 03:00:00;2023-04-21 04:00:00;True;-0.5546410000000003;47.46693799998293;432320.60333853256;6713423.849690912
Loire-Atlantique;Montoir-De-Bretagne;44103;CAMEE;FR23249;industrial;NO2;8;6.7;µg/m3;horaire;2023-04-21 03:00:00;2023-04-21 04:00:00;True;-2.1273331951941428;47.32113812654744;312980.25164916983;6703771.212179752
Loire-Atlantique;Montoir-De-Bretagne;44103;CAMEE;FR23249;industrial;NO;38;0.35;µg/m3;horaire;2023-04-21 03:00:00;2023-04-21 04:00:00;True;-2.1273331951941428;47.32113812654744;312980.25164916983;6703771.212179752
Loire-Atlantique;Montoir-De-Bretagne;44103;CAMEE;FR23249;industrial;NOx;9;7.2;µg/m3 eq NO2;horaire;2023-04-21 03:00:00;2023-04-21 04:00:00;True;-2.1273331951941428;47.32113812654744;312980.25164916983;6703771.212179752
Loire-Atlantique;Montoir-De-Bretagne;44103;CAMEE;FR23249;industrial;PM10;5;15.0;µg/m3;horaire;2023-04-21 03:00:00;2023-04-21 04:00:00;True;-2.1273331951941428;47.32113812654744;312980.25164916983;6703771.212179752
Loire-Atlantique;Montoir-De-Bretagne;44103;CAMEE;FR23249;industrial;PM2.5;6001;10.0;µg/m3;horaire;2023-04-21 03:00:00;2023-04-21 04:00:00;True;-2.1273331951941428;47.32113812654744;312980.25164916983;6703771.212179752
Loire-Atlantique;Montoir-De-Bretagne;44103;CAMEE;FR23249;industrial;SO2;1;2.1;µg/m3;horaire;2023-04-21 03:00:00;2023-04-21 04:00:00;True;-2.1273331951941428;47.32113812654744;312980.25164916983;6703771.212179752
Loire-Atlantique;Nantes;44109;FRERES GONCOURT;FR23251;traffic;C6H5-C2H5;431;0.093;µg/m3;horaire;2023-04-21 03:00:00;2023-04-21 04:00:00;True;-1.564803;47.23354499998231;354828.5774908221;6691451.497810739
Loire-Atlantique;Nantes;44109;FRERES GONCOURT;FR23251;traffic;C6H5-CH3;21;0.47;µg/m3;horaire;2023-04-21 03:00:00;2023-04-21 04:00:00;True;-1.564803;47.23354499998231;354828.5774908221;6691451.497810739
Loire-Atlantique;Nantes;44109;FRERES GONCOURT;FR23251;traffic;C6H6;20;0.73;µg/m3;horaire;2023-04-21 03:00:00;2023-04-21 04:00:00;True;-1.564803;47.23354499998231;354828.5774908221;6691451.497810739
Loire-Atlantique;Nantes;44109;FRERES GONCOURT;FR23251;traffic;CO;10;0.065;mg/m3;horaire;2023-04-21 03:00:00;2023-04-21 04:00:00;True;-1.564803;47.23354499998231;354828.5774908221;6691451.497810739
Loire-Atlantique;Nantes;44109;FRERES GONCOURT;FR23251;traffic;m,p-C6H4(CH3)2;464;0.26;µg/m3;horaire;2023-04-21 03:00:00;2023-04-21 04:00:00;True;-1.564803;47.23354499998231;354828.5774908221;6691451.497810739
Loire-Atlantique;Nantes;44109;FRERES GONCOURT;FR23251;traffic;NO;38;2.2;µg/m3;horaire;2023-04-21 03:00:00;2023-04-21 04:00:00;True;-1.564803;47.23354499998231;354828.5774908221;6691451.497810739
Loire-Atlantique;Nantes;44109;FRERES GONCOURT;FR23251;traffic;NO2;8;6.1;µg/m3;horaire;2023-04-21 03:00:00;2023-04-21 04:00:00;True;-1.564803;47.23354499998231;354828.5774908221;6691451.497810739
Loire-Atlantique;Nantes;44109;FRERES GONCOURT;FR23251;traffic;NOx;9;9.4;µg/m3 eq NO2;horaire;2023-04-21 03:00:00;2023-04-21 04:00:00;True;-1.564803;47.23354499998231;354828.5774908221;6691451.497810739
Loire-Atlantique;Nantes;44109;FRERES GONCOURT;FR23251;traffic;o-C6H4-(CH3)2;482;0.12;µg/m3;horaire;2023-04-21 03:00:00;2023-04-21 04:00:00;True;-1.564803;47.23354499998231;354828.5774908221;6691451.497810739
Loire-Atlantique;Nantes;44109;FRERES GONCOURT;FR23251;traffic;PM10;5;22.0;µg/m3;horaire;2023-04-21 03:00:00;2023-04-21 04:00:00;True;-1.564803;47.23354499998231;354828.5774908221;6691451.497810739
Loire-Atlantique;Nantes;44109;FRERES GONCOURT;FR23251;traffic;PM2.5;6001;12.0;µg/m3;horaire;2023-04-21 03:00:00;2023-04-21 04:00:00;True;-1.564803;47.23354499998231;354828.5774908221;6691451.497810739
Loire-Atlantique;Donges;44052;AMPERE;FR23001;industrial;SO2;1;0.075;µg/m3;horaire;2023-04-21 02:00:00;2023-04-21 03:00:00;True;-2.0813729293078014;47.324243646620644;316466.7822100732;6703891.209852793
Loire-Atlantique;Donges;44052;LA MEGRETAIS;FR23003;industrial;NO2;8;5.0;µg/m3;horaire;2023-04-21 02:00:00;2023-04-21 03:00:00;True;-2.039245335998521;47.322705228858595;319631.26531024784;6703516.8929397985
Loire-Atlantique;Donges;44052;LA MEGRETAIS;FR23003;industrial;NO;38;0.0;µg/m3;horaire;2023-04-21 02:00:00;2023-04-21 03:00:00;True;-2.039245335998521;47.322705228858595;319631.26531024784;6703516.8929397985
Loire-Atlantique;Donges;44052;LA MEGRETAIS;FR23003;industrial;NOx;9;5.0;µg/m3 eq NO2;horaire;2023-04-21 02:00:00;2023-04-21 03:00:00;True;-2.039245335998521;47.322705228858595;319631.26531024784;6703516.8929397985
Loire-Atlantique;Donges;44052;LA MEGRETAIS;FR23003;industrial;PM10;5;18.0;µg/m3;horaire;2023-04-21 02:00:00;2023-04-21 03:00:00;True;-2.039245335998521;47.322705228858595;319631.26531024784;6703516.8929397985
Loire-Atlantique;Donges;44052;LA MEGRETAIS;FR23003;industrial;PM2.5;6001;11.0;µg/m3;horaire;2023-04-21 02:00:00;2023-04-21 03:00:00;True;-2.039245335998521;47.322705228858595;319631.26531024784;6703516.8929397985
Loire-Atlantique;Donges;44052;LA MEGRETAIS;FR23003;industrial;SO2;1;0.0;µg/m3;horaire;2023-04-21 02:00:00;2023-04-21 03:00:00;True;-2.039245335998521;47.322705228858595;319631.26531024784;6703516.8929397985
Loire-Atlantique;Donges;44052;PASTEUR;FR23004;industrial;H2S;11;0.38;µg/m3;horaire;2023-04-21 02:00:00;2023-04-21 03:00:00;True;-2.073374401966883;47.31740262661712;317020.8741071;6703094.040787983
Loire-Atlantique;Donges;44052;PASTEUR;FR23004;industrial;SO2;1;0.23;µg/m3;horaire;2023-04-21 02:00:00;2023-04-21 03:00:00;True;-2.073374401966883;47.31740262661712;317020.8741071;6703094.040787983
Loire-Atlantique;Frossay;44061;FROSSAY;FR23068;industrial;NO2;8;3.6;µg/m3;horaire;2023-04-21 02:00:00;2023-04-21 03:00:00;True;-1.9365235553956817;47.24735229625331;326851.68236097385;6694673.195316758
Loire-Atlantique;Frossay;44061;FROSSAY;FR23068;industrial;NO;38;0.0;µg/m3;horaire;2023-04-21 02:00:00;2023-04-21 03:00:00;True;-1.9365235553956817;47.24735229625331;326851.68236097385;6694673.195316758
Loire-Atlantique;Frossay;44061;FROSSAY;FR23068;industrial;NOx;9;3.5;µg/m3 eq NO2;horaire;2023-04-21 02:00:00;2023-04-21 03:00:00;True;-1.9365235553956817;47.24735229625331;326851.68236097385;6694673.195316758
Loire-Atlantique;Frossay;44061;FROSSAY;FR23068;industrial;PM10;5;21.0;µg/m3;horaire;2023-04-21 02:00:00;2023-04-21 03:00:00;True;-1.9365235553956817;47.24735229625331;326851.68236097385;6694673.195316758
Loire-Atlantique;Frossay;44061;FROSSAY;FR23068;industrial;SO2;1;0.0;µg/m3;horaire;2023-04-21 02:00:00;2023-04-21 03:00:00;True;-1.9365235553956817;47.24735229625331;326851.68236097385;6694673.195316758
Loire-Atlantique;Savenay;44195;SAVENAY;FR23069;industrial;SO2;1;0.075;µg/m3;horaire;2023-04-21 02:00:00;2023-04-21 03:00:00;True;-1.9535935295608815;47.36020691809557;326348.9822352358;6707265.42533564
Loire-Atlantique;Saint-Etienne-De-Montluc;44158;SAINT ETIENNE DE MONTLUC;FR23070;industrial;NO2;8;3.6;µg/m3;horaire;2023-04-21 02:00:00;2023-04-21 03:00:00;True;-1.7830812813449453;47.28312712300018;338676.42390903604;6697925.914501535
Loire-Atlantique;Saint-Etienne-De-Montluc;44158;SAINT ETIENNE DE MONTLUC;FR23070;industrial;NO;38;0.0;µg/m3;horaire;2023-04-21 02:00:00;2023-04-21 03:00:00;True;-1.7830812813449453;47.28312712300018;338676.42390903604;6697925.914501535
Loire-Atlantique;Saint-Etienne-De-Montluc;44158;SAINT ETIENNE DE MONTLUC;FR23070;industrial;NOx;9;3.0;µg/m3 eq NO2;horaire;2023-04-21 02:00:00;2023-04-21 03:00:00;True;-1.7830812813449453;47.28312712300018;338676.42390903604;6697925.914501535
Loire-Atlantique;Saint-Etienne-De-Montluc;44158;SAINT ETIENNE DE MONTLUC;FR23070;industrial;PM10;5;17.0;µg/m3;horaire;2023-04-21 02:00:00;2023-04-21 03:00:00;True;-1.7830812813449453;47.28312712300018;338676.42390903604;6697925.914501535
Loire-Atlantique;Saint-Etienne-De-Montluc;44158;SAINT ETIENNE DE MONTLUC;FR23070;industrial;PM2.5;6001;13.0;µg/m3;horaire;2023-04-21 02:00:00;2023-04-21 03:00:00;True;-1.7830812813449453;47.28312712300018;338676.42390903604;6697925.914501535
Loire-Atlantique;Saint-Etienne-De-Montluc;44158;SAINT ETIENNE DE MONTLUC;FR23070;industrial;SO2;1;0.0;µg/m3;horaire;2023-04-21 02:00:00;2023-04-21 03:00:00;True;-1.7830812813449453;47.28312712300018;338676.42390903604;6697925.914501535
Loire-Atlantique;Trignac;44210;JULES VERNE;FR23075;industrial;NO2;8;5.5;µg/m3;horaire;2023-04-21 02:00:00;2023-04-21 03:00:00;True;-2.1904076735030835;47.315645037165524;308186.02080619615;6703473.391126138
Loire-Atlantique;Trignac;44210;JULES VERNE;FR23075;industrial;NO;38;0.0;µg/m3;horaire;2023-04-21 02:00:00;2023-04-21 03:00:00;True;-2.1904076735030835;47.315645037165524;308186.02080619615;6703473.391126138
Loire-Atlantique;Trignac;44210;JULES VERNE;FR23075;industrial;NOx;9;5.2;µg/m3 eq NO2;horaire;2023-04-21 02:00:00;2023-04-21 03:00:00;True;-2.1904076735030835;47.315645037165524;308186.02080619615;6703473.391126138
Maine-et-Loire;Cholet;49099;SAINT EXUPERY;FR23078;background;NO2;8;7.1;µg/m3;horaire;2023-04-21 02:00:00;2023-04-21 03:00:00;True;-0.8835758137839181;47.055828646104125;405324.4925768649;6668979.670961294
Maine-et-Loire;Cholet;49099;SAINT EXUPERY;FR23078;background;NO;38;0.83;µg/m3;horaire;2023-04-21 02:00:00;2023-04-21 03:00:00;True;-0.8835758137839181;47.055828646104125;405324.4925768649;6668979.670961294
Maine-et-Loire;Cholet;49099;SAINT EXUPERY;FR23078;background;NOx;9;8.3;µg/m3 eq NO2;horaire;2023-04-21 02:00:00;2023-04-21 03:00:00;True;-0.8835758137839181;47.055828646104125;405324.4925768649;6668979.670961294
Maine-et-Loire;Cholet;49099;SAINT EXUPERY;FR23078;background;O3;7;53.0;µg/m3;horaire;2023-04-21 02:00:00;2023-04-21 03:00:00;True;-0.8835758137839181;47.055828646104125;405324.4925768649;6668979.670961294
Maine-et-Loire;Cholet;49099;SAINT EXUPERY;FR23078;background;PM10;5;19.0;µg/m3;horaire;2023-04-21 02:00:00;2023-04-21 03:00:00;True;-0.8835758137839181;47.055828646104125;405324.4925768649;6668979.670961294
Loire-Atlantique;Nantes;44109;LA CHAUVINIERE;FR23107;background;NO2;8;5.6;µg/m3;horaire;2023-04-21 02:00:00;2023-04-21 03:00:00;True;-1.5732745401793513;47.25291196744293;354313.2357701814;6693636.219563372
Loire-Atlantique;Nantes;44109;LA CHAUVINIERE;FR23107;background;NO;38;0.53;µg/m3;horaire;2023-04-21 02:00:00;2023-04-21 03:00:00;True;-1.5732745401793513;47.25291196744293;354313.2357701814;6693636.219563372
Loire-Atlantique;Nantes;44109;LA CHAUVINIERE;FR23107;background;NOx;9;6.5;µg/m3 eq NO2;horaire;2023-04-21 02:00:00;2023-04-21 03:00:00;True;-1.5732745401793513;47.25291196744293;354313.2357701814;6693636.219563372
Loire-Atlantique;Nantes;44109;LA CHAUVINIERE;FR23107;background;PM10;5;19.0;µg/m3;horaire;2023-04-21 02:00:00;2023-04-21 03:00:00;True;-1.5732745401793513;47.25291196744293;354313.2357701814;6693636.219563372
Loire-Atlantique;Nantes;44109;LA CHAUVINIERE;FR23107;background;PM2.5;6001;15.0;µg/m3;horaire;2023-04-21 02:00:00;2023-04-21 03:00:00;True;-1.5732745401793513;47.25291196744293;354313.2357701814;6693636.219563372
Loire-Atlantique;Saint-Nazaire;44184;LEON BLUM;FR23110;background;NO2;8;4.5;µg/m3;horaire;2023-04-21 02:00:00;2023-04-21 03:00:00;True;-2.2501538782724806;47.26411028437446;303302.1643903805;6698059.671526036
Loire-Atlantique;Saint-Nazaire;44184;LEON BLUM;FR23110;background;NO;38;0.33;µg/m3;horaire;2023-04-21 02:00:00;2023-04-21 03:00:00;True;-2.2501538782724806;47.26411028437446;303302.1643903805;6698059.671526036
Loire-Atlantique;Saint-Nazaire;44184;LEON BLUM;FR23110;background;NOx;9;5.0;µg/m3 eq NO2;horaire;2023-04-21 02:00:00;2023-04-21 03:00:00;True;-2.2501538782724806;47.26411028437446;303302.1643903805;6698059.671526036
Loire-Atlantique;Saint-Nazaire;44184;LEON BLUM;FR23110;background;O3;7;71.0;µg/m3;horaire;2023-04-21 02:00:00;2023-04-21 03:00:00;True;-2.2501538782724806;47.26411028437446;303302.1643903805;6698059.671526036
Loire-Atlantique;Saint-Nazaire;44184;LEON BLUM;FR23110;background;PM10;5;17.0;µg/m3;horaire;2023-04-21 02:00:00;2023-04-21 03:00:00;True;-2.2501538782724806;47.26411028437446;303302.1643903805;6698059.671526036
Loire-Atlantique;Saint-Nazaire;44184;LEON BLUM;FR23110;background;PM2.5;6001;6.2;µg/m3;horaire;2023-04-21 02:00:00;2023-04-21 03:00:00;True;-2.2501538782724806;47.26411028437446;303302.1643903805;6698059.671526036
Maine-et-Loire;Angers;49007;BEAUX ARTS;FR23120;background;NO2;8;8.4;µg/m3;horaire;2023-04-21 02:00:00;2023-04-21 03:00:00;True;-0.5559330038543386;47.46849236147444;432231.14920499554;6713600.72883131
Maine-et-Loire;Angers;49007;BEAUX ARTS;FR23120;background;NO;38;0.9;µg/m3;horaire;2023-04-21 02:00:00;2023-04-21 03:00:00;True;-0.5559330038543386;47.46849236147444;432231.14920499554;6713600.72883131
Maine-et-Loire;Angers;49007;BEAUX ARTS;FR23120;background;NOx;9;9.7;µg/m3 eq NO2;horaire;2023-04-21 02:00:00;2023-04-21 03:00:00;True;-0.5559330038543386;47.46849236147444;432231.14920499554;6713600.72883131
Maine-et-Loire;Angers;49007;BEAUX ARTS;FR23120;background;PM10;5;21.0;µg/m3;horaire;2023-04-21 02:00:00;2023-04-21 03:00:00;True;-0.5559330038543386;47.46849236147444;432231.14920499554;6713600.72883131
Maine-et-Loire;Angers;49007;BEAUX ARTS;FR23120;background;PM2.5;6001;16.0;µg/m3;horaire;2023-04-21 02:00:00;2023-04-21 03:00:00;True;-0.5559330038543386;47.46849236147444;432231.14920499554;6713600.72883131
Mayenne;Laval;53130;MAZAGRAN;FR23123;background;NO2;8;6.8;µg/m3;horaire;2023-04-21 02:00:00;2023-04-21 03:00:00;True;-0.7681529262800582;48.06936514490995;419447.0551375298;6781027.2411395665
Mayenne;Laval;53130;MAZAGRAN;FR23123;background;NO;38;0.25;µg/m3;horaire;2023-04-21 02:00:00;2023-04-21 03:00:00;True;-0.7681529262800582;48.06936514490995;419447.0551375298;6781027.2411395665
Mayenne;Laval;53130;MAZAGRAN;FR23123;background;NOx;9;7.2;µg/m3 eq NO2;horaire;2023-04-21 02:00:00;2023-04-21 03:00:00;True;-0.7681529262800582;48.06936514490995;419447.0551375298;6781027.2411395665
Mayenne;Laval;53130;MAZAGRAN;FR23123;background;O3;7;50.0;µg/m3;horaire;2023-04-21 02:00:00;2023-04-21 03:00:00;True;-0.7681529262800582;48.06936514490995;419447.0551375298;6781027.2411395665
Mayenne;Laval;53130;MAZAGRAN;FR23123;background;PM10;5;12.0;µg/m3;horaire;2023-04-21 02:00:00;2023-04-21 03:00:00;True;-0.7681529262800582;48.06936514490995;419447.0551375298;6781027.2411395665
Vendée;La Tardière;85289;LA TARDIERE;FR23124;background;NH3;35;3.8;µg/m3;horaire;2023-04-21 02:00:00;2023-04-21 03:00:00;True;-0.7433812921256286;46.65662489362803;413852.8420801177;6624178.2980740825
Vendée;La Tardière;85289;LA TARDIERE;FR23124;background;NO2;8;3.2;µg/m3;horaire;2023-04-21 02:00:00;2023-04-21 03:00:00;True;-0.7433812921256286;46.65662489362803;413852.8420801177;6624178.2980740825
Vendée;La Tardière;85289;LA TARDIERE;FR23124;background;NO;38;0.35;µg/m3;horaire;2023-04-21 02:00:00;2023-04-21 03:00:00;True;-0.7433812921256286;46.65662489362803;413852.8420801177;6624178.2980740825
Vendée;La Tardière;85289;LA TARDIERE;FR23124;background;NOx;9;3.6;µg/m3 eq NO2;horaire;2023-04-21 02:00:00;2023-04-21 03:00:00;True;-0.7433812921256286;46.65662489362803;413852.8420801177;6624178.2980740825
Vendée;La Tardière;85289;LA TARDIERE;FR23124;background;O3;7;63.0;µg/m3;horaire;2023-04-21 02:00:00;2023-04-21 03:00:00;True;-0.7433812921256286;46.65662489362803;413852.8420801177;6624178.2980740825
Vendée;La Tardière;85289;LA TARDIERE;FR23124;background;PM10;5;;µg/m3;horaire;2023-04-21 02:00:00;2023-04-21 03:00:00;False;-0.7433812921256286;46.65662489362803;413852.8420801177;6624178.2980740825
Vendée;La Tardière;85289;LA TARDIERE;FR23124;background;PM10;5;17.0;µg/m3;horaire;2023-04-21 02:00:00;2023-04-21 03:00:00;True;-0.7433812921256286;46.65662489362803;413852.8420801177;6624178.2980740825
Vendée;La Tardière;85289;LA TARDIERE;FR23124;background;PM2.5;6001;;µg/m3;horaire;2023-04-21 02:00:00;2023-04-21 03:00:00;False;-0.7433812921256286;46.65662489362803;413852.8420801177;6624178.2980740825
Loire-Atlantique;Paimbœuf;44116;CUTULLIC2;FR23149;industrial;SO2;1;1.2;µg/m3;horaire;2023-04-21 02:00:00;2023-04-21 03:00:00;True;-2.0324417113714177;47.28616795300179;319885.62629199366;6699433.757790069
Maine-et-Loire;Angers;49007;APPENTIS;FR23150;background;NO2;8;7.2;µg/m3;horaire;2023-04-21 02:00:00;2023-04-21 03:00:00;True;-0.5501000222079123;47.447336007801624;432564.4583844049;6711233.097282906
Maine-et-Loire;Angers;49007;APPENTIS;FR23150;background;NO;38;0.83;µg/m3;horaire;2023-04-21 02:00:00;2023-04-21 03:00:00;True;-0.5501000222079123;47.447336007801624;432564.4583844049;6711233.097282906
Maine-et-Loire;Angers;49007;APPENTIS;FR23150;background;NOx;9;8.5;µg/m3 eq NO2;horaire;2023-04-21 02:00:00;2023-04-21 03:00:00;True;-0.5501000222079123;47.447336007801624;432564.4583844049;6711233.097282906
Maine-et-Loire;Angers;49007;APPENTIS;FR23150;background;O3;7;59.0;µg/m3;horaire;2023-04-21 02:00:00;2023-04-21 03:00:00;True;-0.5501000222079123;47.447336007801624;432564.4583844049;6711233.097282906
Vendée;La Roche-Sur-Yon;85191;DELACROIX;FR23152;background;NO2;8;7.3;µg/m3;horaire;2023-04-21 02:00:00;2023-04-21 03:00:00;True;-1.4368610961896655;46.66064836113053;360919.2021133019;6627370.063373093
Vendée;La Roche-Sur-Yon;85191;DELACROIX;FR23152;background;NO;38;0.4;µg/m3;horaire;2023-04-21 02:00:00;2023-04-21 03:00:00;True;-1.4368610961896655;46.66064836113053;360919.2021133019;6627370.063373093
Vendée;La Roche-Sur-Yon;85191;DELACROIX;FR23152;background;NOx;9;7.9;µg/m3 eq NO2;horaire;2023-04-21 02:00:00;2023-04-21 03:00:00;True;-1.4368610961896655;46.66064836113053;360919.2021133019;6627370.063373093
Vendée;La Roche-Sur-Yon;85191;DELACROIX;FR23152;background;O3;7;60.0;µg/m3;horaire;2023-04-21 02:00:00;2023-04-21 03:00:00;True;-1.4368610961896655;46.66064836113053;360919.2021133019;6627370.063373093
Vendée;La Roche-Sur-Yon;85191;DELACROIX;FR23152;background;PM10;5;17.0;µg/m3;horaire;2023-04-21 02:00:00;2023-04-21 03:00:00;True;-1.4368610961896655;46.66064836113053;360919.2021133019;6627370.063373093
Vendée;La Roche-Sur-Yon;85191;DELACROIX;FR23152;background;PM2.5;6001;11.0;µg/m3;horaire;2023-04-21 02:00:00;2023-04-21 03:00:00;True;-1.4368610961896655;46.66064836113053;360919.2021133019;6627370.063373093
Loire-Atlantique;Bouaye;44018;EPINETTES;FR23157;background;O3;7;69.0;µg/m3;horaire;2023-04-21 02:00:00;2023-04-21 03:00:00;True;-1.6902690000000005;47.14608799999988;344775.68549371266;6682310.180873801
Sarthe;Spay;72344;FILLE;FR23163;background;O3;7;47.0;µg/m3;horaire;2023-04-21 02:00:00;2023-04-21 03:00:00;True;0.1518948064395943;47.92192248604607;487322.6743667995;6761783.716825325
Sarthe;Le Mans;72181;GUEDOU;FR23174;background;NO2;8;8.8;µg/m3;horaire;2023-04-21 02:00:00;2023-04-21 03:00:00;True;0.19605011554765286;47.98894827304624;490882.9153232856;6769108.857118812
Sarthe;Le Mans;72181;GUEDOU;FR23174;background;NO;38;1.1;µg/m3;horaire;2023-04-21 02:00:00;2023-04-21 03:00:00;True;0.19605011554765286;47.98894827304624;490882.9153232856;6769108.857118812
Sarthe;Le Mans;72181;GUEDOU;FR23174;background;NOx;9;10.0;µg/m3 eq NO2;horaire;2023-04-21 02:00:00;2023-04-21 03:00:00;True;0.19605011554765286;47.98894827304624;490882.9153232856;6769108.857118812
Maine-et-Loire;Bouchemaine;49035;CLOS DES BEAUVAIS;FR23175;background;O3;7;53.0;µg/m3;horaire;2023-04-21 02:00:00;2023-04-21 03:00:00;True;-0.6100060021346906;47.43011900354789;427967.33949541056;6709527.093695923
Mayenne;Saint-Denis-D'Anjou;53210;SAINT DENIS D'ANJOU;FR23177;background;NO;38;0.35;µg/m3;horaire;2023-04-21 02:00:00;2023-04-21 03:00:00;True;-0.4447696525665919;47.7883321330413;442146.2573931599;6748729.6000822345
Mayenne;Saint-Denis-D'Anjou;53210;SAINT DENIS D'ANJOU;FR23177;background;NO2;8;7.5;µg/m3;horaire;2023-04-21 02:00:00;2023-04-21 03:00:00;True;-0.4447696525665919;47.7883321330413;442146.2573931599;6748729.6000822345
Mayenne;Saint-Denis-D'Anjou;53210;SAINT DENIS D'ANJOU;FR23177;background;NOx;9;8.0;µg/m3 eq NO2;horaire;2023-04-21 02:00:00;2023-04-21 03:00:00;True;-0.4447696525665919;47.7883321330413;442146.2573931599;6748729.6000822345
Mayenne;Saint-Denis-D'Anjou;53210;SAINT DENIS D'ANJOU;FR23177;background;O3;7;46.0;µg/m3;horaire;2023-04-21 02:00:00;2023-04-21 03:00:00;True;-0.4447696525665919;47.7883321330413;442146.2573931599;6748729.6000822345
Mayenne;Saint-Denis-D'Anjou;53210;SAINT DENIS D'ANJOU;FR23177;background;PM10;5;21.0;µg/m3;horaire;2023-04-21 02:00:00;2023-04-21 03:00:00;True;-0.4447696525665919;47.7883321330413;442146.2573931599;6748729.6000822345
Loire-Atlantique;Donges;44052;PARSCAU DU PLESSIS;FR23178;industrial;NO;38;0.28;µg/m3;horaire;2023-04-21 02:00:00;2023-04-21 03:00:00;True;-2.06687664431583;47.318896029650766;317521.3409009125;6703228.095208768
Loire-Atlantique;Donges;44052;PARSCAU DU PLESSIS;FR23178;industrial;NO2;8;4.6;µg/m3;horaire;2023-04-21 02:00:00;2023-04-21 03:00:00;True;-2.06687664431583;47.318896029650766;317521.3409009125;6703228.095208768
Loire-Atlantique;Donges;44052;PARSCAU DU PLESSIS;FR23178;industrial;NOx;9;5.1;µg/m3 eq NO2;horaire;2023-04-21 02:00:00;2023-04-21 03:00:00;True;-2.06687664431583;47.318896029650766;317521.3409009125;6703228.095208768
Loire-Atlantique;Donges;44052;PARSCAU DU PLESSIS;FR23178;industrial;PM10;5;16.0;µg/m3;horaire;2023-04-21 02:00:00;2023-04-21 03:00:00;True;-2.06687664431583;47.318896029650766;317521.3409009125;6703228.095208768
Loire-Atlantique;Donges;44052;PARSCAU DU PLESSIS;FR23178;industrial;PM2.5;6001;10.0;µg/m3;horaire;2023-04-21 02:00:00;2023-04-21 03:00:00;True;-2.06687664431583;47.318896029650766;317521.3409009125;6703228.095208768
Loire-Atlantique;Donges;44052;PARSCAU DU PLESSIS;FR23178;industrial;SO2;1;0.0;µg/m3;horaire;2023-04-21 02:00:00;2023-04-21 03:00:00;True;-2.06687664431583;47.318896029650766;317521.3409009125;6703228.095208768
Loire-Atlantique;Saint-Nazaire;44184;PARC PAYSAGER;FR23181;background;NO;38;0.2;µg/m3;horaire;2023-04-21 02:00:00;2023-04-21 03:00:00;True;-2.2231753057476937;47.273129394194775;305403.8853541548;6698924.134703943
Loire-Atlantique;Saint-Nazaire;44184;PARC PAYSAGER;FR23181;background;NO2;8;5.6;µg/m3;horaire;2023-04-21 02:00:00;2023-04-21 03:00:00;True;-2.2231753057476937;47.273129394194775;305403.8853541548;6698924.134703943
Loire-Atlantique;Saint-Nazaire;44184;PARC PAYSAGER;FR23181;background;NOx;9;5.9;µg/m3 eq NO2;horaire;2023-04-21 02:00:00;2023-04-21 03:00:00;True;-2.2231753057476937;47.273129394194775;305403.8853541548;6698924.134703943
Loire-Atlantique;Saint-Nazaire;44184;PARC PAYSAGER;FR23181;background;SO2;1;0.98;µg/m3;horaire;2023-04-21 02:00:00;2023-04-21 03:00:00;True;-2.2231753057476937;47.273129394194775;305403.8853541548;6698924.134703943
Sarthe;Le Mans;72181;SOURCES;FR23182;background;NO2;8;6.9;µg/m3;horaire;2023-04-21 02:00:00;2023-04-21 03:00:00;True;0.2213390216306751;47.971141853614576;492698.55226572393;6767064.748575544
Sarthe;Le Mans;72181;SOURCES;FR23182;background;NO;38;1.1;µg/m3;horaire;2023-04-21 02:00:00;2023-04-21 03:00:00;True;0.2213390216306751;47.971141853614576;492698.55226572393;6767064.748575544
Sarthe;Le Mans;72181;SOURCES;FR23182;background;NOx;9;8.6;µg/m3 eq NO2;horaire;2023-04-21 02:00:00;2023-04-21 03:00:00;True;0.2213390216306751;47.971141853614576;492698.55226572393;6767064.748575544
Sarthe;Le Mans;72181;SOURCES;FR23182;background;O3;7;58.0;µg/m3;horaire;2023-04-21 02:00:00;2023-04-21 03:00:00;True;0.2213390216306751;47.971141853614576;492698.55226572393;6767064.748575544
Sarthe;Le Mans;72181;SOURCES;FR23182;background;PM10;5;21.0;µg/m3;horaire;2023-04-21 02:00:00;2023-04-21 03:00:00;True;0.2213390216306751;47.971141853614576;492698.55226572393;6767064.748575544
Sarthe;Le Mans;72181;SOURCES;FR23182;background;PM2.5;6001;19.0;µg/m3;horaire;2023-04-21 02:00:00;2023-04-21 03:00:00;True;0.2213390216306751;47.971141853614576;492698.55226572393;6767064.748575544
Loire-Atlantique;Nantes;44109;CIM BOUTEILLERIE;FR23188;background;BCwb;;18.0;%;horaire;2023-04-21 02:00:00;2023-04-21 03:00:00;True;-1.5374268258113177;47.22217589146574;356823.8361417605;6690071.409167136
Loire-Atlantique;Nantes;44109;CIM BOUTEILLERIE;FR23188;background;Hg;;0.33;ng/m3;horaire;2023-04-21 02:00:00;2023-04-21 03:00:00;True;-1.5374268258113177;47.22217589146574;356823.8361417605;6690071.409167136
Loire-Atlantique;Nantes;44109;CIM BOUTEILLERIE;FR23188;background;NO2;8;6.1;µg/m3;horaire;2023-04-21 02:00:00;2023-04-21 03:00:00;True;-1.5374268258113177;47.22217589146574;356823.8361417605;6690071.409167136
Loire-Atlantique;Nantes;44109;CIM BOUTEILLERIE;FR23188;background;NO;38;0.6;µg/m3;horaire;2023-04-21 02:00:00;2023-04-21 03:00:00;True;-1.5374268258113177;47.22217589146574;356823.8361417605;6690071.409167136
Loire-Atlantique;Nantes;44109;CIM BOUTEILLERIE;FR23188;background;NOx;9;7.1;µg/m3 eq NO2;horaire;2023-04-21 02:00:00;2023-04-21 03:00:00;True;-1.5374268258113177;47.22217589146574;356823.8361417605;6690071.409167136
Loire-Atlantique;Nantes;44109;CIM BOUTEILLERIE;FR23188;background;O3;7;62.0;µg/m3;horaire;2023-04-21 02:00:00;2023-04-21 03:00:00;True;-1.5374268258113177;47.22217589146574;356823.8361417605;6690071.409167136
Loire-Atlantique;Nantes;44109;CIM BOUTEILLERIE;FR23188;background;PM10;5;20.0;µg/m3;horaire;2023-04-21 02:00:00;2023-04-21 03:00:00;True;-1.5374268258113177;47.22217589146574;356823.8361417605;6690071.409167136
Loire-Atlantique;Nantes;44109;CIM BOUTEILLERIE;FR23188;background;PM2.5;6001;15.0;µg/m3;horaire;2023-04-21 02:00:00;2023-04-21 03:00:00;True;-1.5374268258113177;47.22217589146574;356823.8361417605;6690071.409167136
Loire-Atlantique;Nantes;44109;CIM BOUTEILLERIE;FR23188;background;PUF;;3328.0;P/cm3;horaire;2023-04-21 02:00:00;2023-04-21 03:00:00;True;-1.5374268258113177;47.22217589146574;356823.8361417605;6690071.409167136
Loire-Atlantique;Pornichet;44132;GASPARD;FR23230;background;O3;7;77.0;µg/m3;horaire;2023-04-21 02:00:00;2023-04-21 03:00:00;True;-2.3320669999999977;47.253055999964715;297039.3525861991;6697249.291127122
Loire-Atlantique;Rezé;44143;TRENTEMOULT;FR23238;specific;PM10;5;23.0;µg/m3;horaire;2023-04-21 02:00:00;2023-04-21 03:00:00;True;-1.5816779999999988;47.194146999964396;353300.20766508416;6687156.526597275
Loire-Atlantique;Rezé;44143;TRENTEMOULT;FR23238;specific;PM2.5;6001;12.0;µg/m3;horaire;2023-04-21 02:00:00;2023-04-21 03:00:00;True;-1.5816779999999988;47.194146999964396;353300.20766508416;6687156.526597275
Loire-Atlantique;Bouguenais;44020;LES COUETS;FR23239;industrial;NO2;8;7.0;µg/m3;horaire;2023-04-21 02:00:00;2023-04-21 03:00:00;True;-1.591496999999999;47.18591899996436;352504.9179813179;6686287.290819376
Loire-Atlantique;Bouguenais;44020;LES COUETS;FR23239;industrial;NO;38;0.45;µg/m3;horaire;2023-04-21 02:00:00;2023-04-21 03:00:00;True;-1.591496999999999;47.18591899996436;352504.9179813179;6686287.290819376
Loire-Atlantique;Bouguenais;44020;LES COUETS;FR23239;industrial;NOx;9;7.7;µg/m3 eq NO2;horaire;2023-04-21 02:00:00;2023-04-21 03:00:00;True;-1.591496999999999;47.18591899996436;352504.9179813179;6686287.290819376
Loire-Atlantique;Bouguenais;44020;LES COUETS;FR23239;industrial;PM10;5;23.0;µg/m3;horaire;2023-04-21 02:00:00;2023-04-21 03:00:00;True;-1.591496999999999;47.18591899996436;352504.9179813179;6686287.290819376
Loire-Atlantique;Bouguenais;44020;LES COUETS;FR23239;industrial;PM2.5;6001;12.0;µg/m3;horaire;2023-04-21 02:00:00;2023-04-21 03:00:00;True;-1.591496999999999;47.18591899996436;352504.9179813179;6686287.290819376
Maine-et-Loire;Angers;49007;ROI RENE;FR23242;traffic;NO;38;1.1;µg/m3;horaire;2023-04-21 02:00:00;2023-04-21 03:00:00;True;-0.5546410000000003;47.46693799998293;432320.60333853256;6713423.849690912
Maine-et-Loire;Angers;49007;ROI RENE;FR23242;traffic;NO2;8;9.8;µg/m3;horaire;2023-04-21 02:00:00;2023-04-21 03:00:00;True;-0.5546410000000003;47.46693799998293;432320.60333853256;6713423.849690912
Maine-et-Loire;Angers;49007;ROI RENE;FR23242;traffic;NOx;9;11.0;µg/m3 eq NO2;horaire;2023-04-21 02:00:00;2023-04-21 03:00:00;True;-0.5546410000000003;47.46693799998293;432320.60333853256;6713423.849690912
Maine-et-Loire;Angers;49007;ROI RENE;FR23242;traffic;PM10;5;21.0;µg/m3;horaire;2023-04-21 02:00:00;2023-04-21 03:00:00;True;-0.5546410000000003;47.46693799998293;432320.60333853256;6713423.849690912
Loire-Atlantique;Montoir-De-Bretagne;44103;CAMEE;FR23249;industrial;NO2;8;6.1;µg/m3;horaire;2023-04-21 02:00:00;2023-04-21 03:00:00;True;-2.1273331951941428;47.32113812654744;312980.25164916983;6703771.212179752
Loire-Atlantique;Montoir-De-Bretagne;44103;CAMEE;FR23249;industrial;NO;38;0.28;µg/m3;horaire;2023-04-21 02:00:00;2023-04-21 03:00:00;True;-2.1273331951941428;47.32113812654744;312980.25164916983;6703771.212179752
Loire-Atlantique;Montoir-De-Bretagne;44103;CAMEE;FR23249;industrial;NOx;9;6.5;µg/m3 eq NO2;horaire;2023-04-21 02:00:00;2023-04-21 03:00:00;True;-2.1273331951941428;47.32113812654744;312980.25164916983;6703771.212179752
Loire-Atlantique;Montoir-De-Bretagne;44103;CAMEE;FR23249;industrial;PM10;5;14.0;µg/m3;horaire;2023-04-21 02:00:00;2023-04-21 03:00:00;True;-2.1273331951941428;47.32113812654744;312980.25164916983;6703771.212179752
Loire-Atlantique;Montoir-De-Bretagne;44103;CAMEE;FR23249;industrial;PM2.5;6001;9.9;µg/m3;horaire;2023-04-21 02:00:00;2023-04-21 03:00:00;True;-2.1273331951941428;47.32113812654744;312980.25164916983;6703771.212179752
Loire-Atlantique;Montoir-De-Bretagne;44103;CAMEE;FR23249;industrial;SO2;1;2.3;µg/m3;horaire;2023-04-21 02:00:00;2023-04-21 03:00:00;True;-2.1273331951941428;47.32113812654744;312980.25164916983;6703771.212179752
Loire-Atlantique;Nantes;44109;FRERES GONCOURT;FR23251;traffic;C6H5-C2H5;431;0.08;µg/m3;horaire;2023-04-21 02:00:00;2023-04-21 03:00:00;True;-1.564803;47.23354499998231;354828.5774908221;6691451.497810739
Loire-Atlantique;Nantes;44109;FRERES GONCOURT;FR23251;traffic;C6H5-CH3;21;0.35;µg/m3;horaire;2023-04-21 02:00:00;2023-04-21 03:00:00;True;-1.564803;47.23354499998231;354828.5774908221;6691451.497810739
Loire-Atlantique;Nantes;44109;FRERES GONCOURT;FR23251;traffic;C6H6;20;0.42;µg/m3;horaire;2023-04-21 02:00:00;2023-04-21 03:00:00;True;-1.564803;47.23354499998231;354828.5774908221;6691451.497810739
Loire-Atlantique;Nantes;44109;FRERES GONCOURT;FR23251;traffic;CO;10;0.075;mg/m3;horaire;2023-04-21 02:00:00;2023-04-21 03:00:00;True;-1.564803;47.23354499998231;354828.5774908221;6691451.497810739
Loire-Atlantique;Nantes;44109;FRERES GONCOURT;FR23251;traffic;m,p-C6H4(CH3)2;464;0.23;µg/m3;horaire;2023-04-21 02:00:00;2023-04-21 03:00:00;True;-1.564803;47.23354499998231;354828.5774908221;6691451.497810739
Loire-Atlantique;Nantes;44109;FRERES GONCOURT;FR23251;traffic;NO;38;1.9;µg/m3;horaire;2023-04-21 02:00:00;2023-04-21 03:00:00;True;-1.564803;47.23354499998231;354828.5774908221;6691451.497810739
Loire-Atlantique;Nantes;44109;FRERES GONCOURT;FR23251;traffic;NO2;8;7.1;µg/m3;horaire;2023-04-21 02:00:00;2023-04-21 03:00:00;True;-1.564803;47.23354499998231;354828.5774908221;6691451.497810739
Loire-Atlantique;Nantes;44109;FRERES GONCOURT;FR23251;traffic;NOx;9;10.0;µg/m3 eq NO2;horaire;2023-04-21 02:00:00;2023-04-21 03:00:00;True;-1.564803;47.23354499998231;354828.5774908221;6691451.497810739
Loire-Atlantique;Nantes;44109;FRERES GONCOURT;FR23251;traffic;o-C6H4-(CH3)2;482;0.095;µg/m3;horaire;2023-04-21 02:00:00;2023-04-21 03:00:00;True;-1.564803;47.23354499998231;354828.5774908221;6691451.497810739
Loire-Atlantique;Nantes;44109;FRERES GONCOURT;FR23251;traffic;PM10;5;22.0;µg/m3;horaire;2023-04-21 02:00:00;2023-04-21 03:00:00;True;-1.564803;47.23354499998231;354828.5774908221;6691451.497810739
Loire-Atlantique;Nantes;44109;FRERES GONCOURT;FR23251;traffic;PM2.5;6001;8.4;µg/m3;horaire;2023-04-21 02:00:00;2023-04-21 03:00:00;True;-1.564803;47.23354499998231;354828.5774908221;6691451.497810739
Loire-Atlantique;Donges;44052;AMPERE;FR23001;industrial;SO2;1;0.18;µg/m3;horaire;2023-04-21 01:00:00;2023-04-21 02:00:00;True;-2.0813729293078014;47.324243646620644;316466.7822100732;6703891.209852793
Loire-Atlantique;Donges;44052;LA MEGRETAIS;FR23003;industrial;NO2;8;4.3;µg/m3;horaire;2023-04-21 01:00:00;2023-04-21 02:00:00;True;-2.039245335998521;47.322705228858595;319631.26531024784;6703516.8929397985
Loire-Atlantique;Donges;44052;LA MEGRETAIS;FR23003;industrial;NO;38;0.0;µg/m3;horaire;2023-04-21 01:00:00;2023-04-21 02:00:00;True;-2.039245335998521;47.322705228858595;319631.26531024784;6703516.8929397985
Loire-Atlantique;Donges;44052;LA MEGRETAIS;FR23003;industrial;NOx;9;4.2;µg/m3 eq NO2;horaire;2023-04-21 01:00:00;2023-04-21 02:00:00;True;-2.039245335998521;47.322705228858595;319631.26531024784;6703516.8929397985
Loire-Atlantique;Donges;44052;LA MEGRETAIS;FR23003;industrial;PM10;5;18.0;µg/m3;horaire;2023-04-21 01:00:00;2023-04-21 02:00:00;True;-2.039245335998521;47.322705228858595;319631.26531024784;6703516.8929397985
Loire-Atlantique;Donges;44052;LA MEGRETAIS;FR23003;industrial;PM2.5;6001;11.0;µg/m3;horaire;2023-04-21 01:00:00;2023-04-21 02:00:00;True;-2.039245335998521;47.322705228858595;319631.26531024784;6703516.8929397985
Loire-Atlantique;Donges;44052;LA MEGRETAIS;FR23003;industrial;SO2;1;0.0;µg/m3;horaire;2023-04-21 01:00:00;2023-04-21 02:00:00;True;-2.039245335998521;47.322705228858595;319631.26531024784;6703516.8929397985
Loire-Atlantique;Donges;44052;PASTEUR;FR23004;industrial;H2S;11;0.33;µg/m3;horaire;2023-04-21 01:00:00;2023-04-21 02:00:00;True;-2.073374401966883;47.31740262661712;317020.8741071;6703094.040787983
Loire-Atlantique;Donges;44052;PASTEUR;FR23004;industrial;SO2;1;0.23;µg/m3;horaire;2023-04-21 01:00:00;2023-04-21 02:00:00;True;-2.073374401966883;47.31740262661712;317020.8741071;6703094.040787983
Loire-Atlantique;Frossay;44061;FROSSAY;FR23068;industrial;NO2;8;3.2;µg/m3;horaire;2023-04-21 01:00:00;2023-04-21 02:00:00;True;-1.9365235553956817;47.24735229625331;326851.68236097385;6694673.195316758
Loire-Atlantique;Frossay;44061;FROSSAY;FR23068;industrial;NO;38;0.0;µg/m3;horaire;2023-04-21 01:00:00;2023-04-21 02:00:00;True;-1.9365235553956817;47.24735229625331;326851.68236097385;6694673.195316758
Loire-Atlantique;Frossay;44061;FROSSAY;FR23068;industrial;NOx;9;3.2;µg/m3 eq NO2;horaire;2023-04-21 01:00:00;2023-04-21 02:00:00;True;-1.9365235553956817;47.24735229625331;326851.68236097385;6694673.195316758
Loire-Atlantique;Frossay;44061;FROSSAY;FR23068;industrial;PM10;5;23.0;µg/m3;horaire;2023-04-21 01:00:00;2023-04-21 02:00:00;True;-1.9365235553956817;47.24735229625331;326851.68236097385;6694673.195316758
Loire-Atlantique;Frossay;44061;FROSSAY;FR23068;industrial;SO2;1;0.0;µg/m3;horaire;2023-04-21 01:00:00;2023-04-21 02:00:00;True;-1.9365235553956817;47.24735229625331;326851.68236097385;6694673.195316758
Loire-Atlantique;Savenay;44195;SAVENAY;FR23069;industrial;SO2;1;0.4;µg/m3;horaire;2023-04-21 01:00:00;2023-04-21 02:00:00;True;-1.9535935295608815;47.36020691809557;326348.9822352358;6707265.42533564
Loire-Atlantique;Saint-Etienne-De-Montluc;44158;SAINT ETIENNE DE MONTLUC;FR23070;industrial;NO2;8;3.4;µg/m3;horaire;2023-04-21 01:00:00;2023-04-21 02:00:00;True;-1.7830812813449453;47.28312712300018;338676.42390903604;6697925.914501535
Loire-Atlantique;Saint-Etienne-De-Montluc;44158;SAINT ETIENNE DE MONTLUC;FR23070;industrial;NO;38;0.0;µg/m3;horaire;2023-04-21 01:00:00;2023-04-21 02:00:00;True;-1.7830812813449453;47.28312712300018;338676.42390903604;6697925.914501535
Loire-Atlantique;Saint-Etienne-De-Montluc;44158;SAINT ETIENNE DE MONTLUC;FR23070;industrial;NOx;9;3.3;µg/m3 eq NO2;horaire;2023-04-21 01:00:00;2023-04-21 02:00:00;True;-1.7830812813449453;47.28312712300018;338676.42390903604;6697925.914501535
Loire-Atlantique;Saint-Etienne-De-Montluc;44158;SAINT ETIENNE DE MONTLUC;FR23070;industrial;PM10;5;19.0;µg/m3;horaire;2023-04-21 01:00:00;2023-04-21 02:00:00;True;-1.7830812813449453;47.28312712300018;338676.42390903604;6697925.914501535
Loire-Atlantique;Saint-Etienne-De-Montluc;44158;SAINT ETIENNE DE MONTLUC;FR23070;industrial;PM2.5;6001;13.0;µg/m3;horaire;2023-04-21 01:00:00;2023-04-21 02:00:00;True;-1.7830812813449453;47.28312712300018;338676.42390903604;6697925.914501535
Loire-Atlantique;Saint-Etienne-De-Montluc;44158;SAINT ETIENNE DE MONTLUC;FR23070;industrial;SO2;1;0.0;µg/m3;horaire;2023-04-21 01:00:00;2023-04-21 02:00:00;True;-1.7830812813449453;47.28312712300018;338676.42390903604;6697925.914501535
Loire-Atlantique;Trignac;44210;JULES VERNE;FR23075;industrial;NO2;8;3.5;µg/m3;horaire;2023-04-21 01:00:00;2023-04-21 02:00:00;True;-2.1904076735030835;47.315645037165524;308186.02080619615;6703473.391126138
Loire-Atlantique;Trignac;44210;JULES VERNE;FR23075;industrial;NO;38;0.0;µg/m3;horaire;2023-04-21 01:00:00;2023-04-21 02:00:00;True;-2.1904076735030835;47.315645037165524;308186.02080619615;6703473.391126138
Loire-Atlantique;Trignac;44210;JULES VERNE;FR23075;industrial;NOx;9;2.6;µg/m3 eq NO2;horaire;2023-04-21 01:00:00;2023-04-21 02:00:00;True;-2.1904076735030835;47.315645037165524;308186.02080619615;6703473.391126138
Maine-et-Loire;Cholet;49099;SAINT EXUPERY;FR23078;background;NO2;8;6.4;µg/m3;horaire;2023-04-21 01:00:00;2023-04-21 02:00:00;True;-0.8835758137839181;47.055828646104125;405324.4925768649;6668979.670961294
Maine-et-Loire;Cholet;49099;SAINT EXUPERY;FR23078;background;NO;38;0.83;µg/m3;horaire;2023-04-21 01:00:00;2023-04-21 02:00:00;True;-0.8835758137839181;47.055828646104125;405324.4925768649;6668979.670961294
Maine-et-Loire;Cholet;49099;SAINT EXUPERY;FR23078;background;NOx;9;7.6;µg/m3 eq NO2;horaire;2023-04-21 01:00:00;2023-04-21 02:00:00;True;-0.8835758137839181;47.055828646104125;405324.4925768649;6668979.670961294
Maine-et-Loire;Cholet;49099;SAINT EXUPERY;FR23078;background;O3;7;60.0;µg/m3;horaire;2023-04-21 01:00:00;2023-04-21 02:00:00;True;-0.8835758137839181;47.055828646104125;405324.4925768649;6668979.670961294
Maine-et-Loire;Cholet;49099;SAINT EXUPERY;FR23078;background;PM10;5;15.0;µg/m3;horaire;2023-04-21 01:00:00;2023-04-21 02:00:00;True;-0.8835758137839181;47.055828646104125;405324.4925768649;6668979.670961294
Loire-Atlantique;Nantes;44109;LA CHAUVINIERE;FR23107;background;NO2;8;5.4;µg/m3;horaire;2023-04-21 01:00:00;2023-04-21 02:00:00;True;-1.5732745401793513;47.25291196744293;354313.2357701814;6693636.219563372
Loire-Atlantique;Nantes;44109;LA CHAUVINIERE;FR23107;background;NO;38;0.73;µg/m3;horaire;2023-04-21 01:00:00;2023-04-21 02:00:00;True;-1.5732745401793513;47.25291196744293;354313.2357701814;6693636.219563372
Loire-Atlantique;Nantes;44109;LA CHAUVINIERE;FR23107;background;NOx;9;6.5;µg/m3 eq NO2;horaire;2023-04-21 01:00:00;2023-04-21 02:00:00;True;-1.5732745401793513;47.25291196744293;354313.2357701814;6693636.219563372
Loire-Atlantique;Nantes;44109;LA CHAUVINIERE;FR23107;background;PM10;5;19.0;µg/m3;horaire;2023-04-21 01:00:00;2023-04-21 02:00:00;True;-1.5732745401793513;47.25291196744293;354313.2357701814;6693636.219563372
Loire-Atlantique;Nantes;44109;LA CHAUVINIERE;FR23107;background;PM2.5;6001;14.0;µg/m3;horaire;2023-04-21 01:00:00;2023-04-21 02:00:00;True;-1.5732745401793513;47.25291196744293;354313.2357701814;6693636.219563372
Loire-Atlantique;Saint-Nazaire;44184;LEON BLUM;FR23110;background;NO2;8;3.5;µg/m3;horaire;2023-04-21 01:00:00;2023-04-21 02:00:00;True;-2.2501538782724806;47.26411028437446;303302.1643903805;6698059.671526036
Loire-Atlantique;Saint-Nazaire;44184;LEON BLUM;FR23110;background;NO;38;0.1;µg/m3;horaire;2023-04-21 01:00:00;2023-04-21 02:00:00;True;-2.2501538782724806;47.26411028437446;303302.1643903805;6698059.671526036
Loire-Atlantique;Saint-Nazaire;44184;LEON BLUM;FR23110;background;NOx;9;3.7;µg/m3 eq NO2;horaire;2023-04-21 01:00:00;2023-04-21 02:00:00;True;-2.2501538782724806;47.26411028437446;303302.1643903805;6698059.671526036
Loire-Atlantique;Saint-Nazaire;44184;LEON BLUM;FR23110;background;O3;7;77.0;µg/m3;horaire;2023-04-21 01:00:00;2023-04-21 02:00:00;True;-2.2501538782724806;47.26411028437446;303302.1643903805;6698059.671526036
Loire-Atlantique;Saint-Nazaire;44184;LEON BLUM;FR23110;background;PM10;5;19.0;µg/m3;horaire;2023-04-21 01:00:00;2023-04-21 02:00:00;True;-2.2501538782724806;47.26411028437446;303302.1643903805;6698059.671526036
Loire-Atlantique;Saint-Nazaire;44184;LEON BLUM;FR23110;background;PM2.5;6001;6.2;µg/m3;horaire;2023-04-21 01:00:00;2023-04-21 02:00:00;True;-2.2501538782724806;47.26411028437446;303302.1643903805;6698059.671526036
Maine-et-Loire;Angers;49007;BEAUX ARTS;FR23120;background;NO2;8;6.5;µg/m3;horaire;2023-04-21 01:00:00;2023-04-21 02:00:00;True;-0.5559330038543386;47.46849236147444;432231.14920499554;6713600.72883131
Maine-et-Loire;Angers;49007;BEAUX ARTS;FR23120;background;NO;38;0.75;µg/m3;horaire;2023-04-21 01:00:00;2023-04-21 02:00:00;True;-0.5559330038543386;47.46849236147444;432231.14920499554;6713600.72883131
Maine-et-Loire;Angers;49007;BEAUX ARTS;FR23120;background;NOx;9;7.7;µg/m3 eq NO2;horaire;2023-04-21 01:00:00;2023-04-21 02:00:00;True;-0.5559330038543386;47.46849236147444;432231.14920499554;6713600.72883131
Maine-et-Loire;Angers;49007;BEAUX ARTS;FR23120;background;PM10;5;21.0;µg/m3;horaire;2023-04-21 01:00:00;2023-04-21 02:00:00;True;-0.5559330038543386;47.46849236147444;432231.14920499554;6713600.72883131
Maine-et-Loire;Angers;49007;BEAUX ARTS;FR23120;background;PM2.5;6001;15.0;µg/m3;horaire;2023-04-21 01:00:00;2023-04-21 02:00:00;True;-0.5559330038543386;47.46849236147444;432231.14920499554;6713600.72883131
Mayenne;Laval;53130;MAZAGRAN;FR23123;background;NO2;8;5.8;µg/m3;horaire;2023-04-21 01:00:00;2023-04-21 02:00:00;True;-0.7681529262800582;48.06936514490995;419447.0551375298;6781027.2411395665
Mayenne;Laval;53130;MAZAGRAN;FR23123;background;NO;38;0.2;µg/m3;horaire;2023-04-21 01:00:00;2023-04-21 02:00:00;True;-0.7681529262800582;48.06936514490995;419447.0551375298;6781027.2411395665
Mayenne;Laval;53130;MAZAGRAN;FR23123;background;NOx;9;6.1;µg/m3 eq NO2;horaire;2023-04-21 01:00:00;2023-04-21 02:00:00;True;-0.7681529262800582;48.06936514490995;419447.0551375298;6781027.2411395665
Mayenne;Laval;53130;MAZAGRAN;FR23123;background;O3;7;56.0;µg/m3;horaire;2023-04-21 01:00:00;2023-04-21 02:00:00;True;-0.7681529262800582;48.06936514490995;419447.0551375298;6781027.2411395665
Mayenne;Laval;53130;MAZAGRAN;FR23123;background;PM10;5;12.0;µg/m3;horaire;2023-04-21 01:00:00;2023-04-21 02:00:00;True;-0.7681529262800582;48.06936514490995;419447.0551375298;6781027.2411395665
Vendée;La Tardière;85289;LA TARDIERE;FR23124;background;NH3;35;3.9;µg/m3;horaire;2023-04-21 01:00:00;2023-04-21 02:00:00;True;-0.7433812921256286;46.65662489362803;413852.8420801177;6624178.2980740825
Vendée;La Tardière;85289;LA TARDIERE;FR23124;background;NO2;8;7.2;µg/m3;horaire;2023-04-21 01:00:00;2023-04-21 02:00:00;True;-0.7433812921256286;46.65662489362803;413852.8420801177;6624178.2980740825
Vendée;La Tardière;85289;LA TARDIERE;FR23124;background;NO;38;1.1;µg/m3;horaire;2023-04-21 01:00:00;2023-04-21 02:00:00;True;-0.7433812921256286;46.65662489362803;413852.8420801177;6624178.2980740825
Vendée;La Tardière;85289;LA TARDIERE;FR23124;background;NOx;9;8.7;µg/m3 eq NO2;horaire;2023-04-21 01:00:00;2023-04-21 02:00:00;True;-0.7433812921256286;46.65662489362803;413852.8420801177;6624178.2980740825
Vendée;La Tardière;85289;LA TARDIERE;FR23124;background;O3;7;65.0;µg/m3;horaire;2023-04-21 01:00:00;2023-04-21 02:00:00;True;-0.7433812921256286;46.65662489362803;413852.8420801177;6624178.2980740825
Vendée;La Tardière;85289;LA TARDIERE;FR23124;background;PM10;5;;µg/m3;horaire;2023-04-21 01:00:00;2023-04-21 02:00:00;False;-0.7433812921256286;46.65662489362803;413852.8420801177;6624178.2980740825
Vendée;La Tardière;85289;LA TARDIERE;FR23124;background;PM10;5;18.0;µg/m3;horaire;2023-04-21 01:00:00;2023-04-21 02:00:00;True;-0.7433812921256286;46.65662489362803;413852.8420801177;6624178.2980740825
Vendée;La Tardière;85289;LA TARDIERE;FR23124;background;PM2.5;6001;;µg/m3;horaire;2023-04-21 01:00:00;2023-04-21 02:00:00;False;-0.7433812921256286;46.65662489362803;413852.8420801177;6624178.2980740825
Loire-Atlantique;Paimbœuf;44116;CUTULLIC2;FR23149;industrial;SO2;1;1.3;µg/m3;horaire;2023-04-21 01:00:00;2023-04-21 02:00:00;True;-2.0324417113714177;47.28616795300179;319885.62629199366;6699433.757790069
Maine-et-Loire;Angers;49007;APPENTIS;FR23150;background;NO2;8;7.4;µg/m3;horaire;2023-04-21 01:00:00;2023-04-21 02:00:00;True;-0.5501000222079123;47.447336007801624;432564.4583844049;6711233.097282906
Maine-et-Loire;Angers;49007;APPENTIS;FR23150;background;NO;38;0.9;µg/m3;horaire;2023-04-21 01:00:00;2023-04-21 02:00:00;True;-0.5501000222079123;47.447336007801624;432564.4583844049;6711233.097282906
Maine-et-Loire;Angers;49007;APPENTIS;FR23150;background;NOx;9;8.8;µg/m3 eq NO2;horaire;2023-04-21 01:00:00;2023-04-21 02:00:00;True;-0.5501000222079123;47.447336007801624;432564.4583844049;6711233.097282906
Maine-et-Loire;Angers;49007;APPENTIS;FR23150;background;O3;7;59.0;µg/m3;horaire;2023-04-21 01:00:00;2023-04-21 02:00:00;True;-0.5501000222079123;47.447336007801624;432564.4583844049;6711233.097282906
Vendée;La Roche-Sur-Yon;85191;DELACROIX;FR23152;background;NO2;8;6.8;µg/m3;horaire;2023-04-21 01:00:00;2023-04-21 02:00:00;True;-1.4368610961896655;46.66064836113053;360919.2021133019;6627370.063373093
Vendée;La Roche-Sur-Yon;85191;DELACROIX;FR23152;background;NO;38;0.43;µg/m3;horaire;2023-04-21 01:00:00;2023-04-21 02:00:00;True;-1.4368610961896655;46.66064836113053;360919.2021133019;6627370.063373093
Vendée;La Roche-Sur-Yon;85191;DELACROIX;FR23152;background;NOx;9;7.5;µg/m3 eq NO2;horaire;2023-04-21 01:00:00;2023-04-21 02:00:00;True;-1.4368610961896655;46.66064836113053;360919.2021133019;6627370.063373093
Vendée;La Roche-Sur-Yon;85191;DELACROIX;FR23152;background;O3;7;65.0;µg/m3;horaire;2023-04-21 01:00:00;2023-04-21 02:00:00;True;-1.4368610961896655;46.66064836113053;360919.2021133019;6627370.063373093
Vendée;La Roche-Sur-Yon;85191;DELACROIX;FR23152;background;PM10;5;16.0;µg/m3;horaire;2023-04-21 01:00:00;2023-04-21 02:00:00;True;-1.4368610961896655;46.66064836113053;360919.2021133019;6627370.063373093
Vendée;La Roche-Sur-Yon;85191;DELACROIX;FR23152;background;PM2.5;6001;11.0;µg/m3;horaire;2023-04-21 01:00:00;2023-04-21 02:00:00;True;-1.4368610961896655;46.66064836113053;360919.2021133019;6627370.063373093
Loire-Atlantique;Bouaye;44018;EPINETTES;FR23157;background;O3;7;71.0;µg/m3;horaire;2023-04-21 01:00:00;2023-04-21 02:00:00;True;-1.6902690000000005;47.14608799999988;344775.68549371266;6682310.180873801
Sarthe;Spay;72344;FILLE;FR23163;background;O3;7;55.0;µg/m3;horaire;2023-04-21 01:00:00;2023-04-21 02:00:00;True;0.1518948064395943;47.92192248604607;487322.6743667995;6761783.716825325
Sarthe;Le Mans;72181;GUEDOU;FR23174;background;NO2;8;8.1;µg/m3;horaire;2023-04-21 01:00:00;2023-04-21 02:00:00;True;0.19605011554765286;47.98894827304624;490882.9153232856;6769108.857118812
Sarthe;Le Mans;72181;GUEDOU;FR23174;background;NO;38;1.0;µg/m3;horaire;2023-04-21 01:00:00;2023-04-21 02:00:00;True;0.19605011554765286;47.98894827304624;490882.9153232856;6769108.857118812
Sarthe;Le Mans;72181;GUEDOU;FR23174;background;NOx;9;9.7;µg/m3 eq NO2;horaire;2023-04-21 01:00:00;2023-04-21 02:00:00;True;0.19605011554765286;47.98894827304624;490882.9153232856;6769108.857118812
Maine-et-Loire;Bouchemaine;49035;CLOS DES BEAUVAIS;FR23175;background;O3;7;59.0;µg/m3;horaire;2023-04-21 01:00:00;2023-04-21 02:00:00;True;-0.6100060021346906;47.43011900354789;427967.33949541056;6709527.093695923
Mayenne;Saint-Denis-D'Anjou;53210;SAINT DENIS D'ANJOU;FR23177;background;NO;38;0.3;µg/m3;horaire;2023-04-21 01:00:00;2023-04-21 02:00:00;True;-0.4447696525665919;47.7883321330413;442146.2573931599;6748729.6000822345
Mayenne;Saint-Denis-D'Anjou;53210;SAINT DENIS D'ANJOU;FR23177;background;NO2;8;5.6;µg/m3;horaire;2023-04-21 01:00:00;2023-04-21 02:00:00;True;-0.4447696525665919;47.7883321330413;442146.2573931599;6748729.6000822345
Mayenne;Saint-Denis-D'Anjou;53210;SAINT DENIS D'ANJOU;FR23177;background;NOx;9;6.0;µg/m3 eq NO2;horaire;2023-04-21 01:00:00;2023-04-21 02:00:00;True;-0.4447696525665919;47.7883321330413;442146.2573931599;6748729.6000822345
Mayenne;Saint-Denis-D'Anjou;53210;SAINT DENIS D'ANJOU;FR23177;background;O3;7;51.0;µg/m3;horaire;2023-04-21 01:00:00;2023-04-21 02:00:00;True;-0.4447696525665919;47.7883321330413;442146.2573931599;6748729.6000822345
Mayenne;Saint-Denis-D'Anjou;53210;SAINT DENIS D'ANJOU;FR23177;background;PM10;5;19.0;µg/m3;horaire;2023-04-21 01:00:00;2023-04-21 02:00:00;True;-0.4447696525665919;47.7883321330413;442146.2573931599;6748729.6000822345
Loire-Atlantique;Donges;44052;PARSCAU DU PLESSIS;FR23178;industrial;NO;38;0.05;µg/m3;horaire;2023-04-21 01:00:00;2023-04-21 02:00:00;True;-2.06687664431583;47.318896029650766;317521.3409009125;6703228.095208768
Loire-Atlantique;Donges;44052;PARSCAU DU PLESSIS;FR23178;industrial;NO2;8;3.7;µg/m3;horaire;2023-04-21 01:00:00;2023-04-21 02:00:00;True;-2.06687664431583;47.318896029650766;317521.3409009125;6703228.095208768
Loire-Atlantique;Donges;44052;PARSCAU DU PLESSIS;FR23178;industrial;NOx;9;3.8;µg/m3 eq NO2;horaire;2023-04-21 01:00:00;2023-04-21 02:00:00;True;-2.06687664431583;47.318896029650766;317521.3409009125;6703228.095208768
Loire-Atlantique;Donges;44052;PARSCAU DU PLESSIS;FR23178;industrial;PM10;5;18.0;µg/m3;horaire;2023-04-21 01:00:00;2023-04-21 02:00:00;True;-2.06687664431583;47.318896029650766;317521.3409009125;6703228.095208768
Loire-Atlantique;Donges;44052;PARSCAU DU PLESSIS;FR23178;industrial;PM2.5;6001;11.0;µg/m3;horaire;2023-04-21 01:00:00;2023-04-21 02:00:00;True;-2.06687664431583;47.318896029650766;317521.3409009125;6703228.095208768
Loire-Atlantique;Donges;44052;PARSCAU DU PLESSIS;FR23178;industrial;SO2;1;0.0;µg/m3;horaire;2023-04-21 01:00:00;2023-04-21 02:00:00;True;-2.06687664431583;47.318896029650766;317521.3409009125;6703228.095208768
Loire-Atlantique;Saint-Nazaire;44184;PARC PAYSAGER;FR23181;background;NO;38;0.13;µg/m3;horaire;2023-04-21 01:00:00;2023-04-21 02:00:00;True;-2.2231753057476937;47.273129394194775;305403.8853541548;6698924.134703943
Loire-Atlantique;Saint-Nazaire;44184;PARC PAYSAGER;FR23181;background;NO2;8;4.8;µg/m3;horaire;2023-04-21 01:00:00;2023-04-21 02:00:00;True;-2.2231753057476937;47.273129394194775;305403.8853541548;6698924.134703943
Loire-Atlantique;Saint-Nazaire;44184;PARC PAYSAGER;FR23181;background;NOx;9;4.9;µg/m3 eq NO2;horaire;2023-04-21 01:00:00;2023-04-21 02:00:00;True;-2.2231753057476937;47.273129394194775;305403.8853541548;6698924.134703943
Loire-Atlantique;Saint-Nazaire;44184;PARC PAYSAGER;FR23181;background;SO2;1;1.1;µg/m3;horaire;2023-04-21 01:00:00;2023-04-21 02:00:00;True;-2.2231753057476937;47.273129394194775;305403.8853541548;6698924.134703943
Sarthe;Le Mans;72181;SOURCES;FR23182;background;NO2;8;6.0;µg/m3;horaire;2023-04-21 01:00:00;2023-04-21 02:00:00;True;0.2213390216306751;47.971141853614576;492698.55226572393;6767064.748575544
Sarthe;Le Mans;72181;SOURCES;FR23182;background;NO;38;0.9;µg/m3;horaire;2023-04-21 01:00:00;2023-04-21 02:00:00;True;0.2213390216306751;47.971141853614576;492698.55226572393;6767064.748575544
Sarthe;Le Mans;72181;SOURCES;FR23182;background;NOx;9;7.3;µg/m3 eq NO2;horaire;2023-04-21 01:00:00;2023-04-21 02:00:00;True;0.2213390216306751;47.971141853614576;492698.55226572393;6767064.748575544
Sarthe;Le Mans;72181;SOURCES;FR23182;background;O3;7;62.0;µg/m3;horaire;2023-04-21 01:00:00;2023-04-21 02:00:00;True;0.2213390216306751;47.971141853614576;492698.55226572393;6767064.748575544
Sarthe;Le Mans;72181;SOURCES;FR23182;background;PM10;5;18.0;µg/m3;horaire;2023-04-21 01:00:00;2023-04-21 02:00:00;True;0.2213390216306751;47.971141853614576;492698.55226572393;6767064.748575544
Sarthe;Le Mans;72181;SOURCES;FR23182;background;PM2.5;6001;18.0;µg/m3;horaire;2023-04-21 01:00:00;2023-04-21 02:00:00;True;0.2213390216306751;47.971141853614576;492698.55226572393;6767064.748575544
Loire-Atlantique;Nantes;44109;CIM BOUTEILLERIE;FR23188;background;BCwb;;19.0;%;horaire;2023-04-21 01:00:00;2023-04-21 02:00:00;True;-1.5374268258113177;47.22217589146574;356823.8361417605;6690071.409167136
Loire-Atlantique;Nantes;44109;CIM BOUTEILLERIE;FR23188;background;Hg;;0.3;ng/m3;horaire;2023-04-21 01:00:00;2023-04-21 02:00:00;True;-1.5374268258113177;47.22217589146574;356823.8361417605;6690071.409167136
Loire-Atlantique;Nantes;44109;CIM BOUTEILLERIE;FR23188;background;NO2;8;6.2;µg/m3;horaire;2023-04-21 01:00:00;2023-04-21 02:00:00;True;-1.5374268258113177;47.22217589146574;356823.8361417605;6690071.409167136
Loire-Atlantique;Nantes;44109;CIM BOUTEILLERIE;FR23188;background;NO;38;0.7;µg/m3;horaire;2023-04-21 01:00:00;2023-04-21 02:00:00;True;-1.5374268258113177;47.22217589146574;356823.8361417605;6690071.409167136
Loire-Atlantique;Nantes;44109;CIM BOUTEILLERIE;FR23188;background;NOx;9;7.2;µg/m3 eq NO2;horaire;2023-04-21 01:00:00;2023-04-21 02:00:00;True;-1.5374268258113177;47.22217589146574;356823.8361417605;6690071.409167136
Loire-Atlantique;Nantes;44109;CIM BOUTEILLERIE;FR23188;background;O3;7;67.0;µg/m3;horaire;2023-04-21 01:00:00;2023-04-21 02:00:00;True;-1.5374268258113177;47.22217589146574;356823.8361417605;6690071.409167136
Loire-Atlantique;Nantes;44109;CIM BOUTEILLERIE;FR23188;background;PM10;5;20.0;µg/m3;horaire;2023-04-21 01:00:00;2023-04-21 02:00:00;True;-1.5374268258113177;47.22217589146574;356823.8361417605;6690071.409167136
Loire-Atlantique;Nantes;44109;CIM BOUTEILLERIE;FR23188;background;PM2.5;6001;14.0;µg/m3;horaire;2023-04-21 01:00:00;2023-04-21 02:00:00;True;-1.5374268258113177;47.22217589146574;356823.8361417605;6690071.409167136
Loire-Atlantique;Nantes;44109;CIM BOUTEILLERIE;FR23188;background;PUF;;3230.0;P/cm3;horaire;2023-04-21 01:00:00;2023-04-21 02:00:00;True;-1.5374268258113177;47.22217589146574;356823.8361417605;6690071.409167136
Loire-Atlantique;Pornichet;44132;GASPARD;FR23230;background;O3;7;83.0;µg/m3;horaire;2023-04-21 01:00:00;2023-04-21 02:00:00;True;-2.3320669999999977;47.253055999964715;297039.3525861991;6697249.291127122
Loire-Atlantique;Rezé;44143;TRENTEMOULT;FR23238;specific;PM10;5;24.0;µg/m3;horaire;2023-04-21 01:00:00;2023-04-21 02:00:00;True;-1.5816779999999988;47.194146999964396;353300.20766508416;6687156.526597275
Loire-Atlantique;Rezé;44143;TRENTEMOULT;FR23238;specific;PM2.5;6001;13.0;µg/m3;horaire;2023-04-21 01:00:00;2023-04-21 02:00:00;True;-1.5816779999999988;47.194146999964396;353300.20766508416;6687156.526597275
Loire-Atlantique;Bouguenais;44020;LES COUETS;FR23239;industrial;NO2;8;8.8;µg/m3;horaire;2023-04-21 01:00:00;2023-04-21 02:00:00;True;-1.591496999999999;47.18591899996436;352504.9179813179;6686287.290819376
Loire-Atlantique;Bouguenais;44020;LES COUETS;FR23239;industrial;NO;38;0.4;µg/m3;horaire;2023-04-21 01:00:00;2023-04-21 02:00:00;True;-1.591496999999999;47.18591899996436;352504.9179813179;6686287.290819376
Loire-Atlantique;Bouguenais;44020;LES COUETS;FR23239;industrial;NOx;9;9.4;µg/m3 eq NO2;horaire;2023-04-21 01:00:00;2023-04-21 02:00:00;True;-1.591496999999999;47.18591899996436;352504.9179813179;6686287.290819376
Loire-Atlantique;Bouguenais;44020;LES COUETS;FR23239;industrial;PM10;5;23.0;µg/m3;horaire;2023-04-21 01:00:00;2023-04-21 02:00:00;True;-1.591496999999999;47.18591899996436;352504.9179813179;6686287.290819376
Loire-Atlantique;Bouguenais;44020;LES COUETS;FR23239;industrial;PM2.5;6001;10.0;µg/m3;horaire;2023-04-21 01:00:00;2023-04-21 02:00:00;True;-1.591496999999999;47.18591899996436;352504.9179813179;6686287.290819376
Maine-et-Loire;Angers;49007;ROI RENE;FR23242;traffic;NO;38;0.1;µg/m3;horaire;2023-04-21 01:00:00;2023-04-21 02:00:00;True;-0.5546410000000003;47.46693799998293;432320.60333853256;6713423.849690912
Maine-et-Loire;Angers;49007;ROI RENE;FR23242;traffic;NO2;8;7.1;µg/m3;horaire;2023-04-21 01:00:00;2023-04-21 02:00:00;True;-0.5546410000000003;47.46693799998293;432320.60333853256;6713423.849690912
Maine-et-Loire;Angers;49007;ROI RENE;FR23242;traffic;NOx;9;7.3;µg/m3 eq NO2;horaire;2023-04-21 01:00:00;2023-04-21 02:00:00;True;-0.5546410000000003;47.46693799998293;432320.60333853256;6713423.849690912
Maine-et-Loire;Angers;49007;ROI RENE;FR23242;traffic;PM10;5;21.0;µg/m3;horaire;2023-04-21 01:00:00;2023-04-21 02:00:00;True;-0.5546410000000003;47.46693799998293;432320.60333853256;6713423.849690912
Loire-Atlantique;Montoir-De-Bretagne;44103;CAMEE;FR23249;industrial;NO2;8;4.6;µg/m3;horaire;2023-04-21 01:00:00;2023-04-21 02:00:00;True;-2.1273331951941428;47.32113812654744;312980.25164916983;6703771.212179752
Loire-Atlantique;Montoir-De-Bretagne;44103;CAMEE;FR23249;industrial;NO;38;0.25;µg/m3;horaire;2023-04-21 01:00:00;2023-04-21 02:00:00;True;-2.1273331951941428;47.32113812654744;312980.25164916983;6703771.212179752
Loire-Atlantique;Montoir-De-Bretagne;44103;CAMEE;FR23249;industrial;NOx;9;5.0;µg/m3 eq NO2;horaire;2023-04-21 01:00:00;2023-04-21 02:00:00;True;-2.1273331951941428;47.32113812654744;312980.25164916983;6703771.212179752
Loire-Atlantique;Montoir-De-Bretagne;44103;CAMEE;FR23249;industrial;PM10;5;17.0;µg/m3;horaire;2023-04-21 01:00:00;2023-04-21 02:00:00;True;-2.1273331951941428;47.32113812654744;312980.25164916983;6703771.212179752
Loire-Atlantique;Montoir-De-Bretagne;44103;CAMEE;FR23249;industrial;PM2.5;6001;10.0;µg/m3;horaire;2023-04-21 01:00:00;2023-04-21 02:00:00;True;-2.1273331951941428;47.32113812654744;312980.25164916983;6703771.212179752
Loire-Atlantique;Montoir-De-Bretagne;44103;CAMEE;FR23249;industrial;SO2;1;2.0;µg/m3;horaire;2023-04-21 01:00:00;2023-04-21 02:00:00;True;-2.1273331951941428;47.32113812654744;312980.25164916983;6703771.212179752
Loire-Atlantique;Nantes;44109;FRERES GONCOURT;FR23251;traffic;C6H5-C2H5;431;0.085;µg/m3;horaire;2023-04-21 01:00:00;2023-04-21 02:00:00;True;-1.564803;47.23354499998231;354828.5774908221;6691451.497810739
Loire-Atlantique;Nantes;44109;FRERES GONCOURT;FR23251;traffic;C6H5-CH3;21;0.36;µg/m3;horaire;2023-04-21 01:00:00;2023-04-21 02:00:00;True;-1.564803;47.23354499998231;354828.5774908221;6691451.497810739
Loire-Atlantique;Nantes;44109;FRERES GONCOURT;FR23251;traffic;C6H6;20;1.1;µg/m3;horaire;2023-04-21 01:00:00;2023-04-21 02:00:00;True;-1.564803;47.23354499998231;354828.5774908221;6691451.497810739
Loire-Atlantique;Nantes;44109;FRERES GONCOURT;FR23251;traffic;CO;10;0.087;mg/m3;horaire;2023-04-21 01:00:00;2023-04-21 02:00:00;True;-1.564803;47.23354499998231;354828.5774908221;6691451.497810739
Loire-Atlantique;Nantes;44109;FRERES GONCOURT;FR23251;traffic;m,p-C6H4(CH3)2;464;0.22;µg/m3;horaire;2023-04-21 01:00:00;2023-04-21 02:00:00;True;-1.564803;47.23354499998231;354828.5774908221;6691451.497810739
Loire-Atlantique;Nantes;44109;FRERES GONCOURT;FR23251;traffic;NO;38;1.3;µg/m3;horaire;2023-04-21 01:00:00;2023-04-21 02:00:00;True;-1.564803;47.23354499998231;354828.5774908221;6691451.497810739
Loire-Atlantique;Nantes;44109;FRERES GONCOURT;FR23251;traffic;NO2;8;5.9;µg/m3;horaire;2023-04-21 01:00:00;2023-04-21 02:00:00;True;-1.564803;47.23354499998231;354828.5774908221;6691451.497810739
Loire-Atlantique;Nantes;44109;FRERES GONCOURT;FR23251;traffic;NOx;9;7.8;µg/m3 eq NO2;horaire;2023-04-21 01:00:00;2023-04-21 02:00:00;True;-1.564803;47.23354499998231;354828.5774908221;6691451.497810739
Loire-Atlantique;Nantes;44109;FRERES GONCOURT;FR23251;traffic;o-C6H4-(CH3)2;482;0.1;µg/m3;horaire;2023-04-21 01:00:00;2023-04-21 02:00:00;True;-1.564803;47.23354499998231;354828.5774908221;6691451.497810739
Loire-Atlantique;Nantes;44109;FRERES GONCOURT;FR23251;traffic;PM10;5;22.0;µg/m3;horaire;2023-04-21 01:00:00;2023-04-21 02:00:00;True;-1.564803;47.23354499998231;354828.5774908221;6691451.497810739
Loire-Atlantique;Nantes;44109;FRERES GONCOURT;FR23251;traffic;PM2.5;6001;12.0;µg/m3;horaire;2023-04-21 01:00:00;2023-04-21 02:00:00;True;-1.564803;47.23354499998231;354828.5774908221;6691451.497810739
Loire-Atlantique;Donges;44052;AMPERE;FR23001;industrial;SO2;1;0.2;µg/m3;horaire;2023-04-21 00:00:00;2023-04-21 01:00:00;True;-2.0813729293078014;47.324243646620644;316466.7822100732;6703891.209852793
Loire-Atlantique;Donges;44052;LA MEGRETAIS;FR23003;industrial;NO2;8;4.3;µg/m3;horaire;2023-04-21 00:00:00;2023-04-21 01:00:00;True;-2.039245335998521;47.322705228858595;319631.26531024784;6703516.8929397985
Loire-Atlantique;Donges;44052;LA MEGRETAIS;FR23003;industrial;NO;38;0.0;µg/m3;horaire;2023-04-21 00:00:00;2023-04-21 01:00:00;True;-2.039245335998521;47.322705228858595;319631.26531024784;6703516.8929397985
Loire-Atlantique;Donges;44052;LA MEGRETAIS;FR23003;industrial;NOx;9;4.2;µg/m3 eq NO2;horaire;2023-04-21 00:00:00;2023-04-21 01:00:00;True;-2.039245335998521;47.322705228858595;319631.26531024784;6703516.8929397985
Loire-Atlantique;Donges;44052;LA MEGRETAIS;FR23003;industrial;PM10;5;17.0;µg/m3;horaire;2023-04-21 00:00:00;2023-04-21 01:00:00;True;-2.039245335998521;47.322705228858595;319631.26531024784;6703516.8929397985
Loire-Atlantique;Donges;44052;LA MEGRETAIS;FR23003;industrial;PM2.5;6001;11.0;µg/m3;horaire;2023-04-21 00:00:00;2023-04-21 01:00:00;True;-2.039245335998521;47.322705228858595;319631.26531024784;6703516.8929397985
Loire-Atlantique;Donges;44052;LA MEGRETAIS;FR23003;industrial;SO2;1;0.0;µg/m3;horaire;2023-04-21 00:00:00;2023-04-21 01:00:00;True;-2.039245335998521;47.322705228858595;319631.26531024784;6703516.8929397985
Loire-Atlantique;Donges;44052;PASTEUR;FR23004;industrial;H2S;11;0.2;µg/m3;horaire;2023-04-21 00:00:00;2023-04-21 01:00:00;True;-2.073374401966883;47.31740262661712;317020.8741071;6703094.040787983
Loire-Atlantique;Donges;44052;PASTEUR;FR23004;industrial;SO2;1;0.77;µg/m3;horaire;2023-04-21 00:00:00;2023-04-21 01:00:00;True;-2.073374401966883;47.31740262661712;317020.8741071;6703094.040787983
Loire-Atlantique;Frossay;44061;FROSSAY;FR23068;industrial;NO2;8;3.0;µg/m3;horaire;2023-04-21 00:00:00;2023-04-21 01:00:00;True;-1.9365235553956817;47.24735229625331;326851.68236097385;6694673.195316758
Loire-Atlantique;Frossay;44061;FROSSAY;FR23068;industrial;NO;38;0.0;µg/m3;horaire;2023-04-21 00:00:00;2023-04-21 01:00:00;True;-1.9365235553956817;47.24735229625331;326851.68236097385;6694673.195316758
Loire-Atlantique;Frossay;44061;FROSSAY;FR23068;industrial;NOx;9;2.9;µg/m3 eq NO2;horaire;2023-04-21 00:00:00;2023-04-21 01:00:00;True;-1.9365235553956817;47.24735229625331;326851.68236097385;6694673.195316758
Loire-Atlantique;Frossay;44061;FROSSAY;FR23068;industrial;PM10;5;26.0;µg/m3;horaire;2023-04-21 00:00:00;2023-04-21 01:00:00;True;-1.9365235553956817;47.24735229625331;326851.68236097385;6694673.195316758
Loire-Atlantique;Frossay;44061;FROSSAY;FR23068;industrial;SO2;1;0.0;µg/m3;horaire;2023-04-21 00:00:00;2023-04-21 01:00:00;True;-1.9365235553956817;47.24735229625331;326851.68236097385;6694673.195316758
Loire-Atlantique;Savenay;44195;SAVENAY;FR23069;industrial;SO2;1;0.0;µg/m3;horaire;2023-04-21 00:00:00;2023-04-21 01:00:00;True;-1.9535935295608815;47.36020691809557;326348.9822352358;6707265.42533564
Loire-Atlantique;Saint-Etienne-De-Montluc;44158;SAINT ETIENNE DE MONTLUC;FR23070;industrial;NO2;8;3.7;µg/m3;horaire;2023-04-21 00:00:00;2023-04-21 01:00:00;True;-1.7830812813449453;47.28312712300018;338676.42390903604;6697925.914501535
Loire-Atlantique;Saint-Etienne-De-Montluc;44158;SAINT ETIENNE DE MONTLUC;FR23070;industrial;NO;38;0.0;µg/m3;horaire;2023-04-21 00:00:00;2023-04-21 01:00:00;True;-1.7830812813449453;47.28312712300018;338676.42390903604;6697925.914501535
Loire-Atlantique;Saint-Etienne-De-Montluc;44158;SAINT ETIENNE DE MONTLUC;FR23070;industrial;NOx;9;3.5;µg/m3 eq NO2;horaire;2023-04-21 00:00:00;2023-04-21 01:00:00;True;-1.7830812813449453;47.28312712300018;338676.42390903604;6697925.914501535
Loire-Atlantique;Saint-Etienne-De-Montluc;44158;SAINT ETIENNE DE MONTLUC;FR23070;industrial;PM10;5;18.0;µg/m3;horaire;2023-04-21 00:00:00;2023-04-21 01:00:00;True;-1.7830812813449453;47.28312712300018;338676.42390903604;6697925.914501535
Loire-Atlantique;Saint-Etienne-De-Montluc;44158;SAINT ETIENNE DE MONTLUC;FR23070;industrial;PM2.5;6001;12.0;µg/m3;horaire;2023-04-21 00:00:00;2023-04-21 01:00:00;True;-1.7830812813449453;47.28312712300018;338676.42390903604;6697925.914501535
Loire-Atlantique;Saint-Etienne-De-Montluc;44158;SAINT ETIENNE DE MONTLUC;FR23070;industrial;SO2;1;0.0;µg/m3;horaire;2023-04-21 00:00:00;2023-04-21 01:00:00;True;-1.7830812813449453;47.28312712300018;338676.42390903604;6697925.914501535
Loire-Atlantique;Trignac;44210;JULES VERNE;FR23075;industrial;NO2;8;3.6;µg/m3;horaire;2023-04-21 00:00:00;2023-04-21 01:00:00;True;-2.1904076735030835;47.315645037165524;308186.02080619615;6703473.391126138
Loire-Atlantique;Trignac;44210;JULES VERNE;FR23075;industrial;NO;38;0.0;µg/m3;horaire;2023-04-21 00:00:00;2023-04-21 01:00:00;True;-2.1904076735030835;47.315645037165524;308186.02080619615;6703473.391126138
Loire-Atlantique;Trignac;44210;JULES VERNE;FR23075;industrial;NOx;9;2.8;µg/m3 eq NO2;horaire;2023-04-21 00:00:00;2023-04-21 01:00:00;True;-2.1904076735030835;47.315645037165524;308186.02080619615;6703473.391126138
Maine-et-Loire;Cholet;49099;SAINT EXUPERY;FR23078;background;NO2;8;7.5;µg/m3;horaire;2023-04-21 00:00:00;2023-04-21 01:00:00;True;-0.8835758137839181;47.055828646104125;405324.4925768649;6668979.670961294
Maine-et-Loire;Cholet;49099;SAINT EXUPERY;FR23078;background;NO;38;0.73;µg/m3;horaire;2023-04-21 00:00:00;2023-04-21 01:00:00;True;-0.8835758137839181;47.055828646104125;405324.4925768649;6668979.670961294
Maine-et-Loire;Cholet;49099;SAINT EXUPERY;FR23078;background;NOx;9;8.6;µg/m3 eq NO2;horaire;2023-04-21 00:00:00;2023-04-21 01:00:00;True;-0.8835758137839181;47.055828646104125;405324.4925768649;6668979.670961294
Maine-et-Loire;Cholet;49099;SAINT EXUPERY;FR23078;background;O3;7;64.0;µg/m3;horaire;2023-04-21 00:00:00;2023-04-21 01:00:00;True;-0.8835758137839181;47.055828646104125;405324.4925768649;6668979.670961294
Maine-et-Loire;Cholet;49099;SAINT EXUPERY;FR23078;background;PM10;5;22.0;µg/m3;horaire;2023-04-21 00:00:00;2023-04-21 01:00:00;True;-0.8835758137839181;47.055828646104125;405324.4925768649;6668979.670961294
Loire-Atlantique;Nantes;44109;LA CHAUVINIERE;FR23107;background;NO2;8;5.5;µg/m3;horaire;2023-04-21 00:00:00;2023-04-21 01:00:00;True;-1.5732745401793513;47.25291196744293;354313.2357701814;6693636.219563372
Loire-Atlantique;Nantes;44109;LA CHAUVINIERE;FR23107;background;NO;38;0.57;µg/m3;horaire;2023-04-21 00:00:00;2023-04-21 01:00:00;True;-1.5732745401793513;47.25291196744293;354313.2357701814;6693636.219563372
Loire-Atlantique;Nantes;44109;LA CHAUVINIERE;FR23107;background;NOx;9;6.4;µg/m3 eq NO2;horaire;2023-04-21 00:00:00;2023-04-21 01:00:00;True;-1.5732745401793513;47.25291196744293;354313.2357701814;6693636.219563372
Loire-Atlantique;Nantes;44109;LA CHAUVINIERE;FR23107;background;PM10;5;18.0;µg/m3;horaire;2023-04-21 00:00:00;2023-04-21 01:00:00;True;-1.5732745401793513;47.25291196744293;354313.2357701814;6693636.219563372
Loire-Atlantique;Nantes;44109;LA CHAUVINIERE;FR23107;background;PM2.5;6001;13.0;µg/m3;horaire;2023-04-21 00:00:00;2023-04-21 01:00:00;True;-1.5732745401793513;47.25291196744293;354313.2357701814;6693636.219563372
Loire-Atlantique;Saint-Nazaire;44184;LEON BLUM;FR23110;background;NO2;8;3.4;µg/m3;horaire;2023-04-21 00:00:00;2023-04-21 01:00:00;True;-2.2501538782724806;47.26411028437446;303302.1643903805;6698059.671526036
Loire-Atlantique;Saint-Nazaire;44184;LEON BLUM;FR23110;background;NO;38;0.28;µg/m3;horaire;2023-04-21 00:00:00;2023-04-21 01:00:00;True;-2.2501538782724806;47.26411028437446;303302.1643903805;6698059.671526036
Loire-Atlantique;Saint-Nazaire;44184;LEON BLUM;FR23110;background;NOx;9;3.8;µg/m3 eq NO2;horaire;2023-04-21 00:00:00;2023-04-21 01:00:00;True;-2.2501538782724806;47.26411028437446;303302.1643903805;6698059.671526036
Loire-Atlantique;Saint-Nazaire;44184;LEON BLUM;FR23110;background;O3;7;84.0;µg/m3;horaire;2023-04-21 00:00:00;2023-04-21 01:00:00;True;-2.2501538782724806;47.26411028437446;303302.1643903805;6698059.671526036
Loire-Atlantique;Saint-Nazaire;44184;LEON BLUM;FR23110;background;PM10;5;20.0;µg/m3;horaire;2023-04-21 00:00:00;2023-04-21 01:00:00;True;-2.2501538782724806;47.26411028437446;303302.1643903805;6698059.671526036
Loire-Atlantique;Saint-Nazaire;44184;LEON BLUM;FR23110;background;PM2.5;6001;7.6;µg/m3;horaire;2023-04-21 00:00:00;2023-04-21 01:00:00;True;-2.2501538782724806;47.26411028437446;303302.1643903805;6698059.671526036
Maine-et-Loire;Angers;49007;BEAUX ARTS;FR23120;background;NO2;8;7.2;µg/m3;horaire;2023-04-21 00:00:00;2023-04-21 01:00:00;True;-0.5559330038543386;47.46849236147444;432231.14920499554;6713600.72883131
Maine-et-Loire;Angers;49007;BEAUX ARTS;FR23120;background;NO;38;0.75;µg/m3;horaire;2023-04-21 00:00:00;2023-04-21 01:00:00;True;-0.5559330038543386;47.46849236147444;432231.14920499554;6713600.72883131
Maine-et-Loire;Angers;49007;BEAUX ARTS;FR23120;background;NOx;9;8.4;µg/m3 eq NO2;horaire;2023-04-21 00:00:00;2023-04-21 01:00:00;True;-0.5559330038543386;47.46849236147444;432231.14920499554;6713600.72883131
Maine-et-Loire;Angers;49007;BEAUX ARTS;FR23120;background;PM10;5;21.0;µg/m3;horaire;2023-04-21 00:00:00;2023-04-21 01:00:00;True;-0.5559330038543386;47.46849236147444;432231.14920499554;6713600.72883131
Maine-et-Loire;Angers;49007;BEAUX ARTS;FR23120;background;PM2.5;6001;15.0;µg/m3;horaire;2023-04-21 00:00:00;2023-04-21 01:00:00;True;-0.5559330038543386;47.46849236147444;432231.14920499554;6713600.72883131
Mayenne;Laval;53130;MAZAGRAN;FR23123;background;NO2;8;5.8;µg/m3;horaire;2023-04-21 00:00:00;2023-04-21 01:00:00;True;-0.7681529262800582;48.06936514490995;419447.0551375298;6781027.2411395665
Mayenne;Laval;53130;MAZAGRAN;FR23123;background;NO;38;0.28;µg/m3;horaire;2023-04-21 00:00:00;2023-04-21 01:00:00;True;-0.7681529262800582;48.06936514490995;419447.0551375298;6781027.2411395665
Mayenne;Laval;53130;MAZAGRAN;FR23123;background;NOx;9;6.2;µg/m3 eq NO2;horaire;2023-04-21 00:00:00;2023-04-21 01:00:00;True;-0.7681529262800582;48.06936514490995;419447.0551375298;6781027.2411395665
Mayenne;Laval;53130;MAZAGRAN;FR23123;background;O3;7;63.0;µg/m3;horaire;2023-04-21 00:00:00;2023-04-21 01:00:00;True;-0.7681529262800582;48.06936514490995;419447.0551375298;6781027.2411395665
Mayenne;Laval;53130;MAZAGRAN;FR23123;background;PM10;5;16.0;µg/m3;horaire;2023-04-21 00:00:00;2023-04-21 01:00:00;True;-0.7681529262800582;48.06936514490995;419447.0551375298;6781027.2411395665
Vendée;La Tardière;85289;LA TARDIERE;FR23124;background;NH3;35;3.9;µg/m3;horaire;2023-04-21 00:00:00;2023-04-21 01:00:00;True;-0.7433812921256286;46.65662489362803;413852.8420801177;6624178.2980740825
Vendée;La Tardière;85289;LA TARDIERE;FR23124;background;NO2;8;10.0;µg/m3;horaire;2023-04-21 00:00:00;2023-04-21 01:00:00;True;-0.7433812921256286;46.65662489362803;413852.8420801177;6624178.2980740825
Vendée;La Tardière;85289;LA TARDIERE;FR23124;background;NO;38;1.9;µg/m3;horaire;2023-04-21 00:00:00;2023-04-21 01:00:00;True;-0.7433812921256286;46.65662489362803;413852.8420801177;6624178.2980740825
Vendée;La Tardière;85289;LA TARDIERE;FR23124;background;NOx;9;13.0;µg/m3 eq NO2;horaire;2023-04-21 00:00:00;2023-04-21 01:00:00;True;-0.7433812921256286;46.65662489362803;413852.8420801177;6624178.2980740825
Vendée;La Tardière;85289;LA TARDIERE;FR23124;background;O3;7;64.0;µg/m3;horaire;2023-04-21 00:00:00;2023-04-21 01:00:00;True;-0.7433812921256286;46.65662489362803;413852.8420801177;6624178.2980740825
Vendée;La Tardière;85289;LA TARDIERE;FR23124;background;PM10;5;;µg/m3;horaire;2023-04-21 00:00:00;2023-04-21 01:00:00;False;-0.7433812921256286;46.65662489362803;413852.8420801177;6624178.2980740825
Vendée;La Tardière;85289;LA TARDIERE;FR23124;background;PM10;5;15.0;µg/m3;horaire;2023-04-21 00:00:00;2023-04-21 01:00:00;True;-0.7433812921256286;46.65662489362803;413852.8420801177;6624178.2980740825
Vendée;La Tardière;85289;LA TARDIERE;FR23124;background;PM2.5;6001;;µg/m3;horaire;2023-04-21 00:00:00;2023-04-21 01:00:00;False;-0.7433812921256286;46.65662489362803;413852.8420801177;6624178.2980740825
Loire-Atlantique;Paimbœuf;44116;CUTULLIC2;FR23149;industrial;SO2;1;0.9;µg/m3;horaire;2023-04-21 00:00:00;2023-04-21 01:00:00;True;-2.0324417113714177;47.28616795300179;319885.62629199366;6699433.757790069
Maine-et-Loire;Angers;49007;APPENTIS;FR23150;background;NO2;8;7.6;µg/m3;horaire;2023-04-21 00:00:00;2023-04-21 01:00:00;True;-0.5501000222079123;47.447336007801624;432564.4583844049;6711233.097282906
Maine-et-Loire;Angers;49007;APPENTIS;FR23150;background;NO;38;0.88;µg/m3;horaire;2023-04-21 00:00:00;2023-04-21 01:00:00;True;-0.5501000222079123;47.447336007801624;432564.4583844049;6711233.097282906
Maine-et-Loire;Angers;49007;APPENTIS;FR23150;background;NOx;9;8.9;µg/m3 eq NO2;horaire;2023-04-21 00:00:00;2023-04-21 01:00:00;True;-0.5501000222079123;47.447336007801624;432564.4583844049;6711233.097282906
Maine-et-Loire;Angers;49007;APPENTIS;FR23150;background;O3;7;67.0;µg/m3;horaire;2023-04-21 00:00:00;2023-04-21 01:00:00;True;-0.5501000222079123;47.447336007801624;432564.4583844049;6711233.097282906
Vendée;La Roche-Sur-Yon;85191;DELACROIX;FR23152;background;NO2;8;6.8;µg/m3;horaire;2023-04-21 00:00:00;2023-04-21 01:00:00;True;-1.4368610961896655;46.66064836113053;360919.2021133019;6627370.063373093
Vendée;La Roche-Sur-Yon;85191;DELACROIX;FR23152;background;NO;38;0.38;µg/m3;horaire;2023-04-21 00:00:00;2023-04-21 01:00:00;True;-1.4368610961896655;46.66064836113053;360919.2021133019;6627370.063373093
Vendée;La Roche-Sur-Yon;85191;DELACROIX;FR23152;background;NOx;9;7.4;µg/m3 eq NO2;horaire;2023-04-21 00:00:00;2023-04-21 01:00:00;True;-1.4368610961896655;46.66064836113053;360919.2021133019;6627370.063373093
Vendée;La Roche-Sur-Yon;85191;DELACROIX;FR23152;background;O3;7;71.0;µg/m3;horaire;2023-04-21 00:00:00;2023-04-21 01:00:00;True;-1.4368610961896655;46.66064836113053;360919.2021133019;6627370.063373093
Vendée;La Roche-Sur-Yon;85191;DELACROIX;FR23152;background;PM10;5;18.0;µg/m3;horaire;2023-04-21 00:00:00;2023-04-21 01:00:00;True;-1.4368610961896655;46.66064836113053;360919.2021133019;6627370.063373093
Vendée;La Roche-Sur-Yon;85191;DELACROIX;FR23152;background;PM2.5;6001;11.0;µg/m3;horaire;2023-04-21 00:00:00;2023-04-21 01:00:00;True;-1.4368610961896655;46.66064836113053;360919.2021133019;6627370.063373093
Loire-Atlantique;Bouaye;44018;EPINETTES;FR23157;background;O3;7;77.0;µg/m3;horaire;2023-04-21 00:00:00;2023-04-21 01:00:00;True;-1.6902690000000005;47.14608799999988;344775.68549371266;6682310.180873801
Sarthe;Spay;72344;FILLE;FR23163;background;O3;7;54.0;µg/m3;horaire;2023-04-21 00:00:00;2023-04-21 01:00:00;True;0.1518948064395943;47.92192248604607;487322.6743667995;6761783.716825325
Sarthe;Le Mans;72181;GUEDOU;FR23174;background;NO2;8;8.1;µg/m3;horaire;2023-04-21 00:00:00;2023-04-21 01:00:00;True;0.19605011554765286;47.98894827304624;490882.9153232856;6769108.857118812
Sarthe;Le Mans;72181;GUEDOU;FR23174;background;NO;38;0.85;µg/m3;horaire;2023-04-21 00:00:00;2023-04-21 01:00:00;True;0.19605011554765286;47.98894827304624;490882.9153232856;6769108.857118812
Sarthe;Le Mans;72181;GUEDOU;FR23174;background;NOx;9;9.4;µg/m3 eq NO2;horaire;2023-04-21 00:00:00;2023-04-21 01:00:00;True;0.19605011554765286;47.98894827304624;490882.9153232856;6769108.857118812
Maine-et-Loire;Bouchemaine;49035;CLOS DES BEAUVAIS;FR23175;background;O3;7;64.0;µg/m3;horaire;2023-04-21 00:00:00;2023-04-21 01:00:00;True;-0.6100060021346906;47.43011900354789;427967.33949541056;6709527.093695923
Mayenne;Saint-Denis-D'Anjou;53210;SAINT DENIS D'ANJOU;FR23177;background;NO;38;0.25;µg/m3;horaire;2023-04-21 00:00:00;2023-04-21 01:00:00;True;-0.4447696525665919;47.7883321330413;442146.2573931599;6748729.6000822345
Mayenne;Saint-Denis-D'Anjou;53210;SAINT DENIS D'ANJOU;FR23177;background;NO2;8;5.4;µg/m3;horaire;2023-04-21 00:00:00;2023-04-21 01:00:00;True;-0.4447696525665919;47.7883321330413;442146.2573931599;6748729.6000822345
Mayenne;Saint-Denis-D'Anjou;53210;SAINT DENIS D'ANJOU;FR23177;background;NOx;9;5.8;µg/m3 eq NO2;horaire;2023-04-21 00:00:00;2023-04-21 01:00:00;True;-0.4447696525665919;47.7883321330413;442146.2573931599;6748729.6000822345
Mayenne;Saint-Denis-D'Anjou;53210;SAINT DENIS D'ANJOU;FR23177;background;O3;7;58.0;µg/m3;horaire;2023-04-21 00:00:00;2023-04-21 01:00:00;True;-0.4447696525665919;47.7883321330413;442146.2573931599;6748729.6000822345
Mayenne;Saint-Denis-D'Anjou;53210;SAINT DENIS D'ANJOU;FR23177;background;PM10;5;19.0;µg/m3;horaire;2023-04-21 00:00:00;2023-04-21 01:00:00;True;-0.4447696525665919;47.7883321330413;442146.2573931599;6748729.6000822345
Loire-Atlantique;Donges;44052;PARSCAU DU PLESSIS;FR23178;industrial;NO;38;0.075;µg/m3;horaire;2023-04-21 00:00:00;2023-04-21 01:00:00;True;-2.06687664431583;47.318896029650766;317521.3409009125;6703228.095208768
Loire-Atlantique;Donges;44052;PARSCAU DU PLESSIS;FR23178;industrial;NO2;8;3.7;µg/m3;horaire;2023-04-21 00:00:00;2023-04-21 01:00:00;True;-2.06687664431583;47.318896029650766;317521.3409009125;6703228.095208768
Loire-Atlantique;Donges;44052;PARSCAU DU PLESSIS;FR23178;industrial;NOx;9;3.8;µg/m3 eq NO2;horaire;2023-04-21 00:00:00;2023-04-21 01:00:00;True;-2.06687664431583;47.318896029650766;317521.3409009125;6703228.095208768
Loire-Atlantique;Donges;44052;PARSCAU DU PLESSIS;FR23178;industrial;PM10;5;17.0;µg/m3;horaire;2023-04-21 00:00:00;2023-04-21 01:00:00;True;-2.06687664431583;47.318896029650766;317521.3409009125;6703228.095208768
Loire-Atlantique;Donges;44052;PARSCAU DU PLESSIS;FR23178;industrial;PM2.5;6001;10.0;µg/m3;horaire;2023-04-21 00:00:00;2023-04-21 01:00:00;True;-2.06687664431583;47.318896029650766;317521.3409009125;6703228.095208768
Loire-Atlantique;Donges;44052;PARSCAU DU PLESSIS;FR23178;industrial;SO2;1;0.13;µg/m3;horaire;2023-04-21 00:00:00;2023-04-21 01:00:00;True;-2.06687664431583;47.318896029650766;317521.3409009125;6703228.095208768
Loire-Atlantique;Saint-Nazaire;44184;PARC PAYSAGER;FR23181;background;NO;38;0.025;µg/m3;horaire;2023-04-21 00:00:00;2023-04-21 01:00:00;True;-2.2231753057476937;47.273129394194775;305403.8853541548;6698924.134703943
Loire-Atlantique;Saint-Nazaire;44184;PARC PAYSAGER;FR23181;background;NO2;8;4.1;µg/m3;horaire;2023-04-21 00:00:00;2023-04-21 01:00:00;True;-2.2231753057476937;47.273129394194775;305403.8853541548;6698924.134703943
Loire-Atlantique;Saint-Nazaire;44184;PARC PAYSAGER;FR23181;background;NOx;9;4.2;µg/m3 eq NO2;horaire;2023-04-21 00:00:00;2023-04-21 01:00:00;True;-2.2231753057476937;47.273129394194775;305403.8853541548;6698924.134703943
Loire-Atlantique;Saint-Nazaire;44184;PARC PAYSAGER;FR23181;background;SO2;1;1.0;µg/m3;horaire;2023-04-21 00:00:00;2023-04-21 01:00:00;True;-2.2231753057476937;47.273129394194775;305403.8853541548;6698924.134703943
Sarthe;Le Mans;72181;SOURCES;FR23182;background;NO2;8;5.8;µg/m3;horaire;2023-04-21 00:00:00;2023-04-21 01:00:00;True;0.2213390216306751;47.971141853614576;492698.55226572393;6767064.748575544
Sarthe;Le Mans;72181;SOURCES;FR23182;background;NO;38;0.88;µg/m3;horaire;2023-04-21 00:00:00;2023-04-21 01:00:00;True;0.2213390216306751;47.971141853614576;492698.55226572393;6767064.748575544
Sarthe;Le Mans;72181;SOURCES;FR23182;background;NOx;9;7.2;µg/m3 eq NO2;horaire;2023-04-21 00:00:00;2023-04-21 01:00:00;True;0.2213390216306751;47.971141853614576;492698.55226572393;6767064.748575544
Sarthe;Le Mans;72181;SOURCES;FR23182;background;O3;7;66.0;µg/m3;horaire;2023-04-21 00:00:00;2023-04-21 01:00:00;True;0.2213390216306751;47.971141853614576;492698.55226572393;6767064.748575544
Sarthe;Le Mans;72181;SOURCES;FR23182;background;PM10;5;17.0;µg/m3;horaire;2023-04-21 00:00:00;2023-04-21 01:00:00;True;0.2213390216306751;47.971141853614576;492698.55226572393;6767064.748575544
Sarthe;Le Mans;72181;SOURCES;FR23182;background;PM2.5;6001;15.0;µg/m3;horaire;2023-04-21 00:00:00;2023-04-21 01:00:00;True;0.2213390216306751;47.971141853614576;492698.55226572393;6767064.748575544
Loire-Atlantique;Nantes;44109;CIM BOUTEILLERIE;FR23188;background;BCwb;;20.0;%;horaire;2023-04-21 00:00:00;2023-04-21 01:00:00;True;-1.5374268258113177;47.22217589146574;356823.8361417605;6690071.409167136
Loire-Atlantique;Nantes;44109;CIM BOUTEILLERIE;FR23188;background;Hg;;0.33;ng/m3;horaire;2023-04-21 00:00:00;2023-04-21 01:00:00;True;-1.5374268258113177;47.22217589146574;356823.8361417605;6690071.409167136
Loire-Atlantique;Nantes;44109;CIM BOUTEILLERIE;FR23188;background;NO2;8;6.1;µg/m3;horaire;2023-04-21 00:00:00;2023-04-21 01:00:00;True;-1.5374268258113177;47.22217589146574;356823.8361417605;6690071.409167136
Loire-Atlantique;Nantes;44109;CIM BOUTEILLERIE;FR23188;background;NO;38;0.6;µg/m3;horaire;2023-04-21 00:00:00;2023-04-21 01:00:00;True;-1.5374268258113177;47.22217589146574;356823.8361417605;6690071.409167136
Loire-Atlantique;Nantes;44109;CIM BOUTEILLERIE;FR23188;background;NOx;9;7.0;µg/m3 eq NO2;horaire;2023-04-21 00:00:00;2023-04-21 01:00:00;True;-1.5374268258113177;47.22217589146574;356823.8361417605;6690071.409167136
Loire-Atlantique;Nantes;44109;CIM BOUTEILLERIE;FR23188;background;O3;7;71.0;µg/m3;horaire;2023-04-21 00:00:00;2023-04-21 01:00:00;True;-1.5374268258113177;47.22217589146574;356823.8361417605;6690071.409167136
Loire-Atlantique;Nantes;44109;CIM BOUTEILLERIE;FR23188;background;PM10;5;20.0;µg/m3;horaire;2023-04-21 00:00:00;2023-04-21 01:00:00;True;-1.5374268258113177;47.22217589146574;356823.8361417605;6690071.409167136
Loire-Atlantique;Nantes;44109;CIM BOUTEILLERIE;FR23188;background;PM2.5;6001;13.0;µg/m3;horaire;2023-04-21 00:00:00;2023-04-21 01:00:00;True;-1.5374268258113177;47.22217589146574;356823.8361417605;6690071.409167136
Loire-Atlantique;Nantes;44109;CIM BOUTEILLERIE;FR23188;background;PUF;;3440.0;P/cm3;horaire;2023-04-21 00:00:00;2023-04-21 01:00:00;True;-1.5374268258113177;47.22217589146574;356823.8361417605;6690071.409167136
Loire-Atlantique;Pornichet;44132;GASPARD;FR23230;background;O3;7;90.0;µg/m3;horaire;2023-04-21 00:00:00;2023-04-21 01:00:00;True;-2.3320669999999977;47.253055999964715;297039.3525861991;6697249.291127122
Loire-Atlantique;Rezé;44143;TRENTEMOULT;FR23238;specific;PM10;5;24.0;µg/m3;horaire;2023-04-21 00:00:00;2023-04-21 01:00:00;True;-1.5816779999999988;47.194146999964396;353300.20766508416;6687156.526597275
Loire-Atlantique;Rezé;44143;TRENTEMOULT;FR23238;specific;PM2.5;6001;14.0;µg/m3;horaire;2023-04-21 00:00:00;2023-04-21 01:00:00;True;-1.5816779999999988;47.194146999964396;353300.20766508416;6687156.526597275
Loire-Atlantique;Bouguenais;44020;LES COUETS;FR23239;industrial;NO2;8;5.2;µg/m3;horaire;2023-04-21 00:00:00;2023-04-21 01:00:00;True;-1.591496999999999;47.18591899996436;352504.9179813179;6686287.290819376
Loire-Atlantique;Bouguenais;44020;LES COUETS;FR23239;industrial;NO;38;0.3;µg/m3;horaire;2023-04-21 00:00:00;2023-04-21 01:00:00;True;-1.591496999999999;47.18591899996436;352504.9179813179;6686287.290819376
Loire-Atlantique;Bouguenais;44020;LES COUETS;FR23239;industrial;NOx;9;5.7;µg/m3 eq NO2;horaire;2023-04-21 00:00:00;2023-04-21 01:00:00;True;-1.591496999999999;47.18591899996436;352504.9179813179;6686287.290819376
Loire-Atlantique;Bouguenais;44020;LES COUETS;FR23239;industrial;PM10;5;23.0;µg/m3;horaire;2023-04-21 00:00:00;2023-04-21 01:00:00;True;-1.591496999999999;47.18591899996436;352504.9179813179;6686287.290819376
Loire-Atlantique;Bouguenais;44020;LES COUETS;FR23239;industrial;PM2.5;6001;9.6;µg/m3;horaire;2023-04-21 00:00:00;2023-04-21 01:00:00;True;-1.591496999999999;47.18591899996436;352504.9179813179;6686287.290819376
Maine-et-Loire;Angers;49007;ROI RENE;FR23242;traffic;NO;38;0.15;µg/m3;horaire;2023-04-21 00:00:00;2023-04-21 01:00:00;True;-0.5546410000000003;47.46693799998293;432320.60333853256;6713423.849690912
Maine-et-Loire;Angers;49007;ROI RENE;FR23242;traffic;NO2;8;8.5;µg/m3;horaire;2023-04-21 00:00:00;2023-04-21 01:00:00;True;-0.5546410000000003;47.46693799998293;432320.60333853256;6713423.849690912
Maine-et-Loire;Angers;49007;ROI RENE;FR23242;traffic;NOx;9;8.8;µg/m3 eq NO2;horaire;2023-04-21 00:00:00;2023-04-21 01:00:00;True;-0.5546410000000003;47.46693799998293;432320.60333853256;6713423.849690912
Maine-et-Loire;Angers;49007;ROI RENE;FR23242;traffic;PM10;5;21.0;µg/m3;horaire;2023-04-21 00:00:00;2023-04-21 01:00:00;True;-0.5546410000000003;47.46693799998293;432320.60333853256;6713423.849690912
Loire-Atlantique;Montoir-De-Bretagne;44103;CAMEE;FR23249;industrial;NO2;8;4.0;µg/m3;horaire;2023-04-21 00:00:00;2023-04-21 01:00:00;True;-2.1273331951941428;47.32113812654744;312980.25164916983;6703771.212179752
Loire-Atlantique;Montoir-De-Bretagne;44103;CAMEE;FR23249;industrial;NO;38;0.23;µg/m3;horaire;2023-04-21 00:00:00;2023-04-21 01:00:00;True;-2.1273331951941428;47.32113812654744;312980.25164916983;6703771.212179752
Loire-Atlantique;Montoir-De-Bretagne;44103;CAMEE;FR23249;industrial;NOx;9;4.3;µg/m3 eq NO2;horaire;2023-04-21 00:00:00;2023-04-21 01:00:00;True;-2.1273331951941428;47.32113812654744;312980.25164916983;6703771.212179752
Loire-Atlantique;Montoir-De-Bretagne;44103;CAMEE;FR23249;industrial;PM10;5;17.0;µg/m3;horaire;2023-04-21 00:00:00;2023-04-21 01:00:00;True;-2.1273331951941428;47.32113812654744;312980.25164916983;6703771.212179752
Loire-Atlantique;Montoir-De-Bretagne;44103;CAMEE;FR23249;industrial;PM2.5;6001;10.0;µg/m3;horaire;2023-04-21 00:00:00;2023-04-21 01:00:00;True;-2.1273331951941428;47.32113812654744;312980.25164916983;6703771.212179752
Loire-Atlantique;Montoir-De-Bretagne;44103;CAMEE;FR23249;industrial;SO2;1;0.0;µg/m3;horaire;2023-04-21 00:00:00;2023-04-21 01:00:00;True;-2.1273331951941428;47.32113812654744;312980.25164916983;6703771.212179752
Loire-Atlantique;Nantes;44109;FRERES GONCOURT;FR23251;traffic;C6H5-C2H5;431;0.1;µg/m3;horaire;2023-04-21 00:00:00;2023-04-21 01:00:00;True;-1.564803;47.23354499998231;354828.5774908221;6691451.497810739
Loire-Atlantique;Nantes;44109;FRERES GONCOURT;FR23251;traffic;C6H5-CH3;21;0.38;µg/m3;horaire;2023-04-21 00:00:00;2023-04-21 01:00:00;True;-1.564803;47.23354499998231;354828.5774908221;6691451.497810739
Loire-Atlantique;Nantes;44109;FRERES GONCOURT;FR23251;traffic;C6H6;20;1.3;µg/m3;horaire;2023-04-21 00:00:00;2023-04-21 01:00:00;True;-1.564803;47.23354499998231;354828.5774908221;6691451.497810739
Loire-Atlantique;Nantes;44109;FRERES GONCOURT;FR23251;traffic;CO;10;0.0013;mg/m3;horaire;2023-04-21 00:00:00;2023-04-21 01:00:00;True;-1.564803;47.23354499998231;354828.5774908221;6691451.497810739
Loire-Atlantique;Nantes;44109;FRERES GONCOURT;FR23251;traffic;m,p-C6H4(CH3)2;464;0.27;µg/m3;horaire;2023-04-21 00:00:00;2023-04-21 01:00:00;True;-1.564803;47.23354499998231;354828.5774908221;6691451.497810739
Loire-Atlantique;Nantes;44109;FRERES GONCOURT;FR23251;traffic;NO;38;1.2;µg/m3;horaire;2023-04-21 00:00:00;2023-04-21 01:00:00;True;-1.564803;47.23354499998231;354828.5774908221;6691451.497810739
Loire-Atlantique;Nantes;44109;FRERES GONCOURT;FR23251;traffic;NO2;8;5.9;µg/m3;horaire;2023-04-21 00:00:00;2023-04-21 01:00:00;True;-1.564803;47.23354499998231;354828.5774908221;6691451.497810739
Loire-Atlantique;Nantes;44109;FRERES GONCOURT;FR23251;traffic;NOx;9;7.7;µg/m3 eq NO2;horaire;2023-04-21 00:00:00;2023-04-21 01:00:00;True;-1.564803;47.23354499998231;354828.5774908221;6691451.497810739
Loire-Atlantique;Nantes;44109;FRERES GONCOURT;FR23251;traffic;o-C6H4-(CH3)2;482;0.12;µg/m3;horaire;2023-04-21 00:00:00;2023-04-21 01:00:00;True;-1.564803;47.23354499998231;354828.5774908221;6691451.497810739
Loire-Atlantique;Nantes;44109;FRERES GONCOURT;FR23251;traffic;PM10;5;18.0;µg/m3;horaire;2023-04-21 00:00:00;2023-04-21 01:00:00;True;-1.564803;47.23354499998231;354828.5774908221;6691451.497810739
Loire-Atlantique;Nantes;44109;FRERES GONCOURT;FR23251;traffic;PM2.5;6001;13.0;µg/m3;horaire;2023-04-21 00:00:00;2023-04-21 01:00:00;True;-1.564803;47.23354499998231;354828.5774908221;6691451.497810739
Loire-Atlantique;Donges;44052;AMPERE;FR23001;industrial;SO2;1;0.2;µg/m3;horaire;2023-04-20 23:00:00;2023-04-21 00:00:00;True;-2.0813729293078014;47.324243646620644;316466.7822100732;6703891.209852793
Loire-Atlantique;Donges;44052;LA MEGRETAIS;FR23003;industrial;NO2;8;4.3;µg/m3;horaire;2023-04-20 23:00:00;2023-04-21 00:00:00;True;-2.039245335998521;47.322705228858595;319631.26531024784;6703516.8929397985
Loire-Atlantique;Donges;44052;LA MEGRETAIS;FR23003;industrial;NO;38;0.0;µg/m3;horaire;2023-04-20 23:00:00;2023-04-21 00:00:00;True;-2.039245335998521;47.322705228858595;319631.26531024784;6703516.8929397985
Loire-Atlantique;Donges;44052;LA MEGRETAIS;FR23003;industrial;NOx;9;4.2;µg/m3 eq NO2;horaire;2023-04-20 23:00:00;2023-04-21 00:00:00;True;-2.039245335998521;47.322705228858595;319631.26531024784;6703516.8929397985
Loire-Atlantique;Donges;44052;LA MEGRETAIS;FR23003;industrial;PM10;5;20.0;µg/m3;horaire;2023-04-20 23:00:00;2023-04-21 00:00:00;True;-2.039245335998521;47.322705228858595;319631.26531024784;6703516.8929397985
Loire-Atlantique;Donges;44052;LA MEGRETAIS;FR23003;industrial;PM2.5;6001;12.0;µg/m3;horaire;2023-04-20 23:00:00;2023-04-21 00:00:00;True;-2.039245335998521;47.322705228858595;319631.26531024784;6703516.8929397985
Loire-Atlantique;Donges;44052;LA MEGRETAIS;FR23003;industrial;SO2;1;0.0;µg/m3;horaire;2023-04-20 23:00:00;2023-04-21 00:00:00;True;-2.039245335998521;47.322705228858595;319631.26531024784;6703516.8929397985
Loire-Atlantique;Donges;44052;PASTEUR;FR23004;industrial;H2S;11;0.28;µg/m3;horaire;2023-04-20 23:00:00;2023-04-21 00:00:00;True;-2.073374401966883;47.31740262661712;317020.8741071;6703094.040787983
Loire-Atlantique;Donges;44052;PASTEUR;FR23004;industrial;SO2;1;0.85;µg/m3;horaire;2023-04-20 23:00:00;2023-04-21 00:00:00;True;-2.073374401966883;47.31740262661712;317020.8741071;6703094.040787983
Loire-Atlantique;Frossay;44061;FROSSAY;FR23068;industrial;NO2;8;3.4;µg/m3;horaire;2023-04-20 23:00:00;2023-04-21 00:00:00;True;-1.9365235553956817;47.24735229625331;326851.68236097385;6694673.195316758
Loire-Atlantique;Frossay;44061;FROSSAY;FR23068;industrial;NO;38;0.0;µg/m3;horaire;2023-04-20 23:00:00;2023-04-21 00:00:00;True;-1.9365235553956817;47.24735229625331;326851.68236097385;6694673.195316758
Loire-Atlantique;Frossay;44061;FROSSAY;FR23068;industrial;NOx;9;3.3;µg/m3 eq NO2;horaire;2023-04-20 23:00:00;2023-04-21 00:00:00;True;-1.9365235553956817;47.24735229625331;326851.68236097385;6694673.195316758
Loire-Atlantique;Frossay;44061;FROSSAY;FR23068;industrial;PM10;5;26.0;µg/m3;horaire;2023-04-20 23:00:00;2023-04-21 00:00:00;True;-1.9365235553956817;47.24735229625331;326851.68236097385;6694673.195316758
Loire-Atlantique;Frossay;44061;FROSSAY;FR23068;industrial;SO2;1;0.0;µg/m3;horaire;2023-04-20 23:00:00;2023-04-21 00:00:00;True;-1.9365235553956817;47.24735229625331;326851.68236097385;6694673.195316758
Loire-Atlantique;Savenay;44195;SAVENAY;FR23069;industrial;SO2;1;0.0;µg/m3;horaire;2023-04-20 23:00:00;2023-04-21 00:00:00;True;-1.9535935295608815;47.36020691809557;326348.9822352358;6707265.42533564
Loire-Atlantique;Saint-Etienne-De-Montluc;44158;SAINT ETIENNE DE MONTLUC;FR23070;industrial;NO2;8;3.8;µg/m3;horaire;2023-04-20 23:00:00;2023-04-21 00:00:00;True;-1.7830812813449453;47.28312712300018;338676.42390903604;6697925.914501535
Loire-Atlantique;Saint-Etienne-De-Montluc;44158;SAINT ETIENNE DE MONTLUC;FR23070;industrial;NO;38;0.0;µg/m3;horaire;2023-04-20 23:00:00;2023-04-21 00:00:00;True;-1.7830812813449453;47.28312712300018;338676.42390903604;6697925.914501535
Loire-Atlantique;Saint-Etienne-De-Montluc;44158;SAINT ETIENNE DE MONTLUC;FR23070;industrial;NOx;9;3.5;µg/m3 eq NO2;horaire;2023-04-20 23:00:00;2023-04-21 00:00:00;True;-1.7830812813449453;47.28312712300018;338676.42390903604;6697925.914501535
Loire-Atlantique;Saint-Etienne-De-Montluc;44158;SAINT ETIENNE DE MONTLUC;FR23070;industrial;PM10;5;19.0;µg/m3;horaire;2023-04-20 23:00:00;2023-04-21 00:00:00;True;-1.7830812813449453;47.28312712300018;338676.42390903604;6697925.914501535
Loire-Atlantique;Saint-Etienne-De-Montluc;44158;SAINT ETIENNE DE MONTLUC;FR23070;industrial;PM2.5;6001;12.0;µg/m3;horaire;2023-04-20 23:00:00;2023-04-21 00:00:00;True;-1.7830812813449453;47.28312712300018;338676.42390903604;6697925.914501535
Loire-Atlantique;Saint-Etienne-De-Montluc;44158;SAINT ETIENNE DE MONTLUC;FR23070;industrial;SO2;1;0.0;µg/m3;horaire;2023-04-20 23:00:00;2023-04-21 00:00:00;True;-1.7830812813449453;47.28312712300018;338676.42390903604;6697925.914501535
Loire-Atlantique;Trignac;44210;JULES VERNE;FR23075;industrial;NO2;8;3.4;µg/m3;horaire;2023-04-20 23:00:00;2023-04-21 00:00:00;True;-2.1904076735030835;47.315645037165524;308186.02080619615;6703473.391126138
Loire-Atlantique;Trignac;44210;JULES VERNE;FR23075;industrial;NO;38;0.0;µg/m3;horaire;2023-04-20 23:00:00;2023-04-21 00:00:00;True;-2.1904076735030835;47.315645037165524;308186.02080619615;6703473.391126138
Loire-Atlantique;Trignac;44210;JULES VERNE;FR23075;industrial;NOx;9;3.1;µg/m3 eq NO2;horaire;2023-04-20 23:00:00;2023-04-21 00:00:00;True;-2.1904076735030835;47.315645037165524;308186.02080619615;6703473.391126138
Maine-et-Loire;Cholet;49099;SAINT EXUPERY;FR23078;background;NO2;8;7.1;µg/m3;horaire;2023-04-20 23:00:00;2023-04-21 00:00:00;True;-0.8835758137839181;47.055828646104125;405324.4925768649;6668979.670961294
Maine-et-Loire;Cholet;49099;SAINT EXUPERY;FR23078;background;NO;38;0.68;µg/m3;horaire;2023-04-20 23:00:00;2023-04-21 00:00:00;True;-0.8835758137839181;47.055828646104125;405324.4925768649;6668979.670961294
Maine-et-Loire;Cholet;49099;SAINT EXUPERY;FR23078;background;NOx;9;8.1;µg/m3 eq NO2;horaire;2023-04-20 23:00:00;2023-04-21 00:00:00;True;-0.8835758137839181;47.055828646104125;405324.4925768649;6668979.670961294
Maine-et-Loire;Cholet;49099;SAINT EXUPERY;FR23078;background;O3;7;69.0;µg/m3;horaire;2023-04-20 23:00:00;2023-04-21 00:00:00;True;-0.8835758137839181;47.055828646104125;405324.4925768649;6668979.670961294
Maine-et-Loire;Cholet;49099;SAINT EXUPERY;FR23078;background;PM10;5;20.0;µg/m3;horaire;2023-04-20 23:00:00;2023-04-21 00:00:00;True;-0.8835758137839181;47.055828646104125;405324.4925768649;6668979.670961294
Loire-Atlantique;Nantes;44109;LA CHAUVINIERE;FR23107;background;NO2;8;5.3;µg/m3;horaire;2023-04-20 23:00:00;2023-04-21 00:00:00;True;-1.5732745401793513;47.25291196744293;354313.2357701814;6693636.219563372
Loire-Atlantique;Nantes;44109;LA CHAUVINIERE;FR23107;background;NO;38;0.45;µg/m3;horaire;2023-04-20 23:00:00;2023-04-21 00:00:00;True;-1.5732745401793513;47.25291196744293;354313.2357701814;6693636.219563372
Loire-Atlantique;Nantes;44109;LA CHAUVINIERE;FR23107;background;NOx;9;6.0;µg/m3 eq NO2;horaire;2023-04-20 23:00:00;2023-04-21 00:00:00;True;-1.5732745401793513;47.25291196744293;354313.2357701814;6693636.219563372
Loire-Atlantique;Nantes;44109;LA CHAUVINIERE;FR23107;background;PM10;5;17.0;µg/m3;horaire;2023-04-20 23:00:00;2023-04-21 00:00:00;True;-1.5732745401793513;47.25291196744293;354313.2357701814;6693636.219563372
Loire-Atlantique;Nantes;44109;LA CHAUVINIERE;FR23107;background;PM2.5;6001;12.0;µg/m3;horaire;2023-04-20 23:00:00;2023-04-21 00:00:00;True;-1.5732745401793513;47.25291196744293;354313.2357701814;6693636.219563372
Loire-Atlantique;Saint-Nazaire;44184;LEON BLUM;FR23110;background;NO2;8;3.7;µg/m3;horaire;2023-04-20 23:00:00;2023-04-21 00:00:00;True;-2.2501538782724806;47.26411028437446;303302.1643903805;6698059.671526036
Loire-Atlantique;Saint-Nazaire;44184;LEON BLUM;FR23110;background;NO;38;0.15;µg/m3;horaire;2023-04-20 23:00:00;2023-04-21 00:00:00;True;-2.2501538782724806;47.26411028437446;303302.1643903805;6698059.671526036
Loire-Atlantique;Saint-Nazaire;44184;LEON BLUM;FR23110;background;NOx;9;3.9;µg/m3 eq NO2;horaire;2023-04-20 23:00:00;2023-04-21 00:00:00;True;-2.2501538782724806;47.26411028437446;303302.1643903805;6698059.671526036
Loire-Atlantique;Saint-Nazaire;44184;LEON BLUM;FR23110;background;O3;7;83.0;µg/m3;horaire;2023-04-20 23:00:00;2023-04-21 00:00:00;True;-2.2501538782724806;47.26411028437446;303302.1643903805;6698059.671526036
Loire-Atlantique;Saint-Nazaire;44184;LEON BLUM;FR23110;background;PM10;5;20.0;µg/m3;horaire;2023-04-20 23:00:00;2023-04-21 00:00:00;True;-2.2501538782724806;47.26411028437446;303302.1643903805;6698059.671526036
Loire-Atlantique;Saint-Nazaire;44184;LEON BLUM;FR23110;background;PM2.5;6001;8.1;µg/m3;horaire;2023-04-20 23:00:00;2023-04-21 00:00:00;True;-2.2501538782724806;47.26411028437446;303302.1643903805;6698059.671526036
Maine-et-Loire;Angers;49007;BEAUX ARTS;FR23120;background;NO2;8;7.1;µg/m3;horaire;2023-04-20 23:00:00;2023-04-21 00:00:00;True;-0.5559330038543386;47.46849236147444;432231.14920499554;6713600.72883131
Maine-et-Loire;Angers;49007;BEAUX ARTS;FR23120;background;NO;38;0.85;µg/m3;horaire;2023-04-20 23:00:00;2023-04-21 00:00:00;True;-0.5559330038543386;47.46849236147444;432231.14920499554;6713600.72883131
Maine-et-Loire;Angers;49007;BEAUX ARTS;FR23120;background;NOx;9;8.4;µg/m3 eq NO2;horaire;2023-04-20 23:00:00;2023-04-21 00:00:00;True;-0.5559330038543386;47.46849236147444;432231.14920499554;6713600.72883131
Maine-et-Loire;Angers;49007;BEAUX ARTS;FR23120;background;PM10;5;20.0;µg/m3;horaire;2023-04-20 23:00:00;2023-04-21 00:00:00;True;-0.5559330038543386;47.46849236147444;432231.14920499554;6713600.72883131
Maine-et-Loire;Angers;49007;BEAUX ARTS;FR23120;background;PM2.5;6001;14.0;µg/m3;horaire;2023-04-20 23:00:00;2023-04-21 00:00:00;True;-0.5559330038543386;47.46849236147444;432231.14920499554;6713600.72883131
Mayenne;Laval;53130;MAZAGRAN;FR23123;background;NO2;8;6.4;µg/m3;horaire;2023-04-20 23:00:00;2023-04-21 00:00:00;True;-0.7681529262800582;48.06936514490995;419447.0551375298;6781027.2411395665
Mayenne;Laval;53130;MAZAGRAN;FR23123;background;NO;38;0.18;µg/m3;horaire;2023-04-20 23:00:00;2023-04-21 00:00:00;True;-0.7681529262800582;48.06936514490995;419447.0551375298;6781027.2411395665
Mayenne;Laval;53130;MAZAGRAN;FR23123;background;NOx;9;6.6;µg/m3 eq NO2;horaire;2023-04-20 23:00:00;2023-04-21 00:00:00;True;-0.7681529262800582;48.06936514490995;419447.0551375298;6781027.2411395665
Mayenne;Laval;53130;MAZAGRAN;FR23123;background;O3;7;69.0;µg/m3;horaire;2023-04-20 23:00:00;2023-04-21 00:00:00;True;-0.7681529262800582;48.06936514490995;419447.0551375298;6781027.2411395665
Mayenne;Laval;53130;MAZAGRAN;FR23123;background;PM10;5;18.0;µg/m3;horaire;2023-04-20 23:00:00;2023-04-21 00:00:00;True;-0.7681529262800582;48.06936514490995;419447.0551375298;6781027.2411395665
Vendée;La Tardière;85289;LA TARDIERE;FR23124;background;NH3;35;4.1;µg/m3;horaire;2023-04-20 23:00:00;2023-04-21 00:00:00;True;-0.7433812921256286;46.65662489362803;413852.8420801177;6624178.2980740825
Vendée;La Tardière;85289;LA TARDIERE;FR23124;background;NO2;8;8.0;µg/m3;horaire;2023-04-20 23:00:00;2023-04-21 00:00:00;True;-0.7433812921256286;46.65662489362803;413852.8420801177;6624178.2980740825
Vendée;La Tardière;85289;LA TARDIERE;FR23124;background;NO;38;1.5;µg/m3;horaire;2023-04-20 23:00:00;2023-04-21 00:00:00;True;-0.7433812921256286;46.65662489362803;413852.8420801177;6624178.2980740825
Vendée;La Tardière;85289;LA TARDIERE;FR23124;background;NOx;9;10.0;µg/m3 eq NO2;horaire;2023-04-20 23:00:00;2023-04-21 00:00:00;True;-0.7433812921256286;46.65662489362803;413852.8420801177;6624178.2980740825
Vendée;La Tardière;85289;LA TARDIERE;FR23124;background;O3;7;71.0;µg/m3;horaire;2023-04-20 23:00:00;2023-04-21 00:00:00;True;-0.7433812921256286;46.65662489362803;413852.8420801177;6624178.2980740825
Vendée;La Tardière;85289;LA TARDIERE;FR23124;background;PM10;5;;µg/m3;horaire;2023-04-20 23:00:00;2023-04-21 00:00:00;False;-0.7433812921256286;46.65662489362803;413852.8420801177;6624178.2980740825
Vendée;La Tardière;85289;LA TARDIERE;FR23124;background;PM10;5;14.0;µg/m3;horaire;2023-04-20 23:00:00;2023-04-21 00:00:00;True;-0.7433812921256286;46.65662489362803;413852.8420801177;6624178.2980740825
Vendée;La Tardière;85289;LA TARDIERE;FR23124;background;PM2.5;6001;;µg/m3;horaire;2023-04-20 23:00:00;2023-04-21 00:00:00;False;-0.7433812921256286;46.65662489362803;413852.8420801177;6624178.2980740825
Loire-Atlantique;Paimbœuf;44116;CUTULLIC2;FR23149;industrial;SO2;1;0.75;µg/m3;horaire;2023-04-20 23:00:00;2023-04-21 00:00:00;True;-2.0324417113714177;47.28616795300179;319885.62629199366;6699433.757790069
Maine-et-Loire;Angers;49007;APPENTIS;FR23150;background;NO2;8;7.3;µg/m3;horaire;2023-04-20 23:00:00;2023-04-21 00:00:00;True;-0.5501000222079123;47.447336007801624;432564.4583844049;6711233.097282906
Maine-et-Loire;Angers;49007;APPENTIS;FR23150;background;NO;38;0.9;µg/m3;horaire;2023-04-20 23:00:00;2023-04-21 00:00:00;True;-0.5501000222079123;47.447336007801624;432564.4583844049;6711233.097282906
Maine-et-Loire;Angers;49007;APPENTIS;FR23150;background;NOx;9;8.7;µg/m3 eq NO2;horaire;2023-04-20 23:00:00;2023-04-21 00:00:00;True;-0.5501000222079123;47.447336007801624;432564.4583844049;6711233.097282906
Maine-et-Loire;Angers;49007;APPENTIS;FR23150;background;O3;7;73.0;µg/m3;horaire;2023-04-20 23:00:00;2023-04-21 00:00:00;True;-0.5501000222079123;47.447336007801624;432564.4583844049;6711233.097282906
Vendée;La Roche-Sur-Yon;85191;DELACROIX;FR23152;background;NO2;8;7.1;µg/m3;horaire;2023-04-20 23:00:00;2023-04-21 00:00:00;True;-1.4368610961896655;46.66064836113053;360919.2021133019;6627370.063373093
Vendée;La Roche-Sur-Yon;85191;DELACROIX;FR23152;background;NO;38;0.4;µg/m3;horaire;2023-04-20 23:00:00;2023-04-21 00:00:00;True;-1.4368610961896655;46.66064836113053;360919.2021133019;6627370.063373093
Vendée;La Roche-Sur-Yon;85191;DELACROIX;FR23152;background;NOx;9;7.7;µg/m3 eq NO2;horaire;2023-04-20 23:00:00;2023-04-21 00:00:00;True;-1.4368610961896655;46.66064836113053;360919.2021133019;6627370.063373093
Vendée;La Roche-Sur-Yon;85191;DELACROIX;FR23152;background;O3;7;71.0;µg/m3;horaire;2023-04-20 23:00:00;2023-04-21 00:00:00;True;-1.4368610961896655;46.66064836113053;360919.2021133019;6627370.063373093
Vendée;La Roche-Sur-Yon;85191;DELACROIX;FR23152;background;PM10;5;18.0;µg/m3;horaire;2023-04-20 23:00:00;2023-04-21 00:00:00;True;-1.4368610961896655;46.66064836113053;360919.2021133019;6627370.063373093
Vendée;La Roche-Sur-Yon;85191;DELACROIX;FR23152;background;PM2.5;6001;11.0;µg/m3;horaire;2023-04-20 23:00:00;2023-04-21 00:00:00;True;-1.4368610961896655;46.66064836113053;360919.2021133019;6627370.063373093
Loire-Atlantique;Bouaye;44018;EPINETTES;FR23157;background;O3;7;84.0;µg/m3;horaire;2023-04-20 23:00:00;2023-04-21 00:00:00;True;-1.6902690000000005;47.14608799999988;344775.68549371266;6682310.180873801
Sarthe;Spay;72344;FILLE;FR23163;background;O3;7;58.0;µg/m3;horaire;2023-04-20 23:00:00;2023-04-21 00:00:00;True;0.1518948064395943;47.92192248604607;487322.6743667995;6761783.716825325
Sarthe;Le Mans;72181;GUEDOU;FR23174;background;NO2;8;8.4;µg/m3;horaire;2023-04-20 23:00:00;2023-04-21 00:00:00;True;0.19605011554765286;47.98894827304624;490882.9153232856;6769108.857118812
Sarthe;Le Mans;72181;GUEDOU;FR23174;background;NO;38;0.8;µg/m3;horaire;2023-04-20 23:00:00;2023-04-21 00:00:00;True;0.19605011554765286;47.98894827304624;490882.9153232856;6769108.857118812
Sarthe;Le Mans;72181;GUEDOU;FR23174;background;NOx;9;9.7;µg/m3 eq NO2;horaire;2023-04-20 23:00:00;2023-04-21 00:00:00;True;0.19605011554765286;47.98894827304624;490882.9153232856;6769108.857118812
Maine-et-Loire;Bouchemaine;49035;CLOS DES BEAUVAIS;FR23175;background;O3;7;70.0;µg/m3;horaire;2023-04-20 23:00:00;2023-04-21 00:00:00;True;-0.6100060021346906;47.43011900354789;427967.33949541056;6709527.093695923
Mayenne;Saint-Denis-D'Anjou;53210;SAINT DENIS D'ANJOU;FR23177;background;NO;38;0.33;µg/m3;horaire;2023-04-20 23:00:00;2023-04-21 00:00:00;True;-0.4447696525665919;47.7883321330413;442146.2573931599;6748729.6000822345
Mayenne;Saint-Denis-D'Anjou;53210;SAINT DENIS D'ANJOU;FR23177;background;NO2;8;5.3;µg/m3;horaire;2023-04-20 23:00:00;2023-04-21 00:00:00;True;-0.4447696525665919;47.7883321330413;442146.2573931599;6748729.6000822345
Mayenne;Saint-Denis-D'Anjou;53210;SAINT DENIS D'ANJOU;FR23177;background;NOx;9;5.8;µg/m3 eq NO2;horaire;2023-04-20 23:00:00;2023-04-21 00:00:00;True;-0.4447696525665919;47.7883321330413;442146.2573931599;6748729.6000822345
Mayenne;Saint-Denis-D'Anjou;53210;SAINT DENIS D'ANJOU;FR23177;background;O3;7;63.0;µg/m3;horaire;2023-04-20 23:00:00;2023-04-21 00:00:00;True;-0.4447696525665919;47.7883321330413;442146.2573931599;6748729.6000822345
Mayenne;Saint-Denis-D'Anjou;53210;SAINT DENIS D'ANJOU;FR23177;background;PM10;5;19.0;µg/m3;horaire;2023-04-20 23:00:00;2023-04-21 00:00:00;True;-0.4447696525665919;47.7883321330413;442146.2573931599;6748729.6000822345
Loire-Atlantique;Donges;44052;PARSCAU DU PLESSIS;FR23178;industrial;NO;38;0.18;µg/m3;horaire;2023-04-20 23:00:00;2023-04-21 00:00:00;True;-2.06687664431583;47.318896029650766;317521.3409009125;6703228.095208768
Loire-Atlantique;Donges;44052;PARSCAU DU PLESSIS;FR23178;industrial;NO2;8;4.0;µg/m3;horaire;2023-04-20 23:00:00;2023-04-21 00:00:00;True;-2.06687664431583;47.318896029650766;317521.3409009125;6703228.095208768
Loire-Atlantique;Donges;44052;PARSCAU DU PLESSIS;FR23178;industrial;NOx;9;4.2;µg/m3 eq NO2;horaire;2023-04-20 23:00:00;2023-04-21 00:00:00;True;-2.06687664431583;47.318896029650766;317521.3409009125;6703228.095208768
Loire-Atlantique;Donges;44052;PARSCAU DU PLESSIS;FR23178;industrial;PM10;5;18.0;µg/m3;horaire;2023-04-20 23:00:00;2023-04-21 00:00:00;True;-2.06687664431583;47.318896029650766;317521.3409009125;6703228.095208768
Loire-Atlantique;Donges;44052;PARSCAU DU PLESSIS;FR23178;industrial;PM2.5;6001;11.0;µg/m3;horaire;2023-04-20 23:00:00;2023-04-21 00:00:00;True;-2.06687664431583;47.318896029650766;317521.3409009125;6703228.095208768
Loire-Atlantique;Donges;44052;PARSCAU DU PLESSIS;FR23178;industrial;SO2;1;0.025;µg/m3;horaire;2023-04-20 23:00:00;2023-04-21 00:00:00;True;-2.06687664431583;47.318896029650766;317521.3409009125;6703228.095208768
Loire-Atlantique;Saint-Nazaire;44184;PARC PAYSAGER;FR23181;background;NO;38;0.15;µg/m3;horaire;2023-04-20 23:00:00;2023-04-21 00:00:00;True;-2.2231753057476937;47.273129394194775;305403.8853541548;6698924.134703943
Loire-Atlantique;Saint-Nazaire;44184;PARC PAYSAGER;FR23181;background;NO2;8;4.2;µg/m3;horaire;2023-04-20 23:00:00;2023-04-21 00:00:00;True;-2.2231753057476937;47.273129394194775;305403.8853541548;6698924.134703943
Loire-Atlantique;Saint-Nazaire;44184;PARC PAYSAGER;FR23181;background;NOx;9;4.4;µg/m3 eq NO2;horaire;2023-04-20 23:00:00;2023-04-21 00:00:00;True;-2.2231753057476937;47.273129394194775;305403.8853541548;6698924.134703943
Loire-Atlantique;Saint-Nazaire;44184;PARC PAYSAGER;FR23181;background;SO2;1;1.1;µg/m3;horaire;2023-04-20 23:00:00;2023-04-21 00:00:00;True;-2.2231753057476937;47.273129394194775;305403.8853541548;6698924.134703943
Sarthe;Le Mans;72181;SOURCES;FR23182;background;NO2;8;5.9;µg/m3;horaire;2023-04-20 23:00:00;2023-04-21 00:00:00;True;0.2213390216306751;47.971141853614576;492698.55226572393;6767064.748575544
Sarthe;Le Mans;72181;SOURCES;FR23182;background;NO;38;0.85;µg/m3;horaire;2023-04-20 23:00:00;2023-04-21 00:00:00;True;0.2213390216306751;47.971141853614576;492698.55226572393;6767064.748575544
Sarthe;Le Mans;72181;SOURCES;FR23182;background;NOx;9;7.3;µg/m3 eq NO2;horaire;2023-04-20 23:00:00;2023-04-21 00:00:00;True;0.2213390216306751;47.971141853614576;492698.55226572393;6767064.748575544
Sarthe;Le Mans;72181;SOURCES;FR23182;background;O3;7;70.0;µg/m3;horaire;2023-04-20 23:00:00;2023-04-21 00:00:00;True;0.2213390216306751;47.971141853614576;492698.55226572393;6767064.748575544
Sarthe;Le Mans;72181;SOURCES;FR23182;background;PM10;5;18.0;µg/m3;horaire;2023-04-20 23:00:00;2023-04-21 00:00:00;True;0.2213390216306751;47.971141853614576;492698.55226572393;6767064.748575544
Sarthe;Le Mans;72181;SOURCES;FR23182;background;PM2.5;6001;13.0;µg/m3;horaire;2023-04-20 23:00:00;2023-04-21 00:00:00;True;0.2213390216306751;47.971141853614576;492698.55226572393;6767064.748575544
Loire-Atlantique;Nantes;44109;CIM BOUTEILLERIE;FR23188;background;BCwb;;21.0;%;horaire;2023-04-20 23:00:00;2023-04-21 00:00:00;True;-1.5374268258113177;47.22217589146574;356823.8361417605;6690071.409167136
Loire-Atlantique;Nantes;44109;CIM BOUTEILLERIE;FR23188;background;Hg;;0.27;ng/m3;horaire;2023-04-20 23:00:00;2023-04-21 00:00:00;True;-1.5374268258113177;47.22217589146574;356823.8361417605;6690071.409167136
Loire-Atlantique;Nantes;44109;CIM BOUTEILLERIE;FR23188;background;NO2;8;7.9;µg/m3;horaire;2023-04-20 23:00:00;2023-04-21 00:00:00;True;-1.5374268258113177;47.22217589146574;356823.8361417605;6690071.409167136
Loire-Atlantique;Nantes;44109;CIM BOUTEILLERIE;FR23188;background;NO;38;0.6;µg/m3;horaire;2023-04-20 23:00:00;2023-04-21 00:00:00;True;-1.5374268258113177;47.22217589146574;356823.8361417605;6690071.409167136
Loire-Atlantique;Nantes;44109;CIM BOUTEILLERIE;FR23188;background;NOx;9;8.8;µg/m3 eq NO2;horaire;2023-04-20 23:00:00;2023-04-21 00:00:00;True;-1.5374268258113177;47.22217589146574;356823.8361417605;6690071.409167136
Loire-Atlantique;Nantes;44109;CIM BOUTEILLERIE;FR23188;background;O3;7;76.0;µg/m3;horaire;2023-04-20 23:00:00;2023-04-21 00:00:00;True;-1.5374268258113177;47.22217589146574;356823.8361417605;6690071.409167136
Loire-Atlantique;Nantes;44109;CIM BOUTEILLERIE;FR23188;background;PM10;5;17.0;µg/m3;horaire;2023-04-20 23:00:00;2023-04-21 00:00:00;True;-1.5374268258113177;47.22217589146574;356823.8361417605;6690071.409167136
Loire-Atlantique;Nantes;44109;CIM BOUTEILLERIE;FR23188;background;PM2.5;6001;12.0;µg/m3;horaire;2023-04-20 23:00:00;2023-04-21 00:00:00;True;-1.5374268258113177;47.22217589146574;356823.8361417605;6690071.409167136
Loire-Atlantique;Nantes;44109;CIM BOUTEILLERIE;FR23188;background;PUF;;4190.0;P/cm3;horaire;2023-04-20 23:00:00;2023-04-21 00:00:00;True;-1.5374268258113177;47.22217589146574;356823.8361417605;6690071.409167136
Loire-Atlantique;Pornichet;44132;GASPARD;FR23230;background;O3;7;89.0;µg/m3;horaire;2023-04-20 23:00:00;2023-04-21 00:00:00;True;-2.3320669999999977;47.253055999964715;297039.3525861991;6697249.291127122
Loire-Atlantique;Rezé;44143;TRENTEMOULT;FR23238;specific;PM10;5;21.0;µg/m3;horaire;2023-04-20 23:00:00;2023-04-21 00:00:00;True;-1.5816779999999988;47.194146999964396;353300.20766508416;6687156.526597275
Loire-Atlantique;Rezé;44143;TRENTEMOULT;FR23238;specific;PM2.5;6001;12.0;µg/m3;horaire;2023-04-20 23:00:00;2023-04-21 00:00:00;True;-1.5816779999999988;47.194146999964396;353300.20766508416;6687156.526597275
Loire-Atlantique;Bouguenais;44020;LES COUETS;FR23239;industrial;NO2;8;9.0;µg/m3;horaire;2023-04-20 23:00:00;2023-04-21 00:00:00;True;-1.591496999999999;47.18591899996436;352504.9179813179;6686287.290819376
Loire-Atlantique;Bouguenais;44020;LES COUETS;FR23239;industrial;NO;38;0.38;µg/m3;horaire;2023-04-20 23:00:00;2023-04-21 00:00:00;True;-1.591496999999999;47.18591899996436;352504.9179813179;6686287.290819376
Loire-Atlantique;Bouguenais;44020;LES COUETS;FR23239;industrial;NOx;9;9.6;µg/m3 eq NO2;horaire;2023-04-20 23:00:00;2023-04-21 00:00:00;True;-1.591496999999999;47.18591899996436;352504.9179813179;6686287.290819376
Loire-Atlantique;Bouguenais;44020;LES COUETS;FR23239;industrial;PM10;5;18.0;µg/m3;horaire;2023-04-20 23:00:00;2023-04-21 00:00:00;True;-1.591496999999999;47.18591899996436;352504.9179813179;6686287.290819376
Loire-Atlantique;Bouguenais;44020;LES COUETS;FR23239;industrial;PM2.5;6001;9.0;µg/m3;horaire;2023-04-20 23:00:00;2023-04-21 00:00:00;True;-1.591496999999999;47.18591899996436;352504.9179813179;6686287.290819376
Maine-et-Loire;Angers;49007;ROI RENE;FR23242;traffic;NO;38;0.23;µg/m3;horaire;2023-04-20 23:00:00;2023-04-21 00:00:00;True;-0.5546410000000003;47.46693799998293;432320.60333853256;6713423.849690912
Maine-et-Loire;Angers;49007;ROI RENE;FR23242;traffic;NO2;8;8.1;µg/m3;horaire;2023-04-20 23:00:00;2023-04-21 00:00:00;True;-0.5546410000000003;47.46693799998293;432320.60333853256;6713423.849690912
Maine-et-Loire;Angers;49007;ROI RENE;FR23242;traffic;NOx;9;8.4;µg/m3 eq NO2;horaire;2023-04-20 23:00:00;2023-04-21 00:00:00;True;-0.5546410000000003;47.46693799998293;432320.60333853256;6713423.849690912
Maine-et-Loire;Angers;49007;ROI RENE;FR23242;traffic;PM10;5;22.0;µg/m3;horaire;2023-04-20 23:00:00;2023-04-21 00:00:00;True;-0.5546410000000003;47.46693799998293;432320.60333853256;6713423.849690912
Loire-Atlantique;Montoir-De-Bretagne;44103;CAMEE;FR23249;industrial;NO2;8;4.1;µg/m3;horaire;2023-04-20 23:00:00;2023-04-21 00:00:00;True;-2.1273331951941428;47.32113812654744;312980.25164916983;6703771.212179752
Loire-Atlantique;Montoir-De-Bretagne;44103;CAMEE;FR23249;industrial;NO;38;0.23;µg/m3;horaire;2023-04-20 23:00:00;2023-04-21 00:00:00;True;-2.1273331951941428;47.32113812654744;312980.25164916983;6703771.212179752
Loire-Atlantique;Montoir-De-Bretagne;44103;CAMEE;FR23249;industrial;NOx;9;4.5;µg/m3 eq NO2;horaire;2023-04-20 23:00:00;2023-04-21 00:00:00;True;-2.1273331951941428;47.32113812654744;312980.25164916983;6703771.212179752
Loire-Atlantique;Montoir-De-Bretagne;44103;CAMEE;FR23249;industrial;PM10;5;17.0;µg/m3;horaire;2023-04-20 23:00:00;2023-04-21 00:00:00;True;-2.1273331951941428;47.32113812654744;312980.25164916983;6703771.212179752
Loire-Atlantique;Montoir-De-Bretagne;44103;CAMEE;FR23249;industrial;PM2.5;6001;11.0;µg/m3;horaire;2023-04-20 23:00:00;2023-04-21 00:00:00;True;-2.1273331951941428;47.32113812654744;312980.25164916983;6703771.212179752
Loire-Atlantique;Montoir-De-Bretagne;44103;CAMEE;FR23249;industrial;SO2;1;0.0;µg/m3;horaire;2023-04-20 23:00:00;2023-04-21 00:00:00;True;-2.1273331951941428;47.32113812654744;312980.25164916983;6703771.212179752
Loire-Atlantique;Nantes;44109;FRERES GONCOURT;FR23251;traffic;C6H5-C2H5;431;0.09;µg/m3;horaire;2023-04-20 23:00:00;2023-04-21 00:00:00;True;-1.564803;47.23354499998231;354828.5774908221;6691451.497810739
Loire-Atlantique;Nantes;44109;FRERES GONCOURT;FR23251;traffic;C6H5-CH3;21;0.43;µg/m3;horaire;2023-04-20 23:00:00;2023-04-21 00:00:00;True;-1.564803;47.23354499998231;354828.5774908221;6691451.497810739
Loire-Atlantique;Nantes;44109;FRERES GONCOURT;FR23251;traffic;C6H6;20;1.1;µg/m3;horaire;2023-04-20 23:00:00;2023-04-21 00:00:00;True;-1.564803;47.23354499998231;354828.5774908221;6691451.497810739
Loire-Atlantique;Nantes;44109;FRERES GONCOURT;FR23251;traffic;CO;10;0.016;mg/m3;horaire;2023-04-20 23:00:00;2023-04-21 00:00:00;True;-1.564803;47.23354499998231;354828.5774908221;6691451.497810739
Loire-Atlantique;Nantes;44109;FRERES GONCOURT;FR23251;traffic;m,p-C6H4(CH3)2;464;0.3;µg/m3;horaire;2023-04-20 23:00:00;2023-04-21 00:00:00;True;-1.564803;47.23354499998231;354828.5774908221;6691451.497810739
Loire-Atlantique;Nantes;44109;FRERES GONCOURT;FR23251;traffic;NO;38;3.5;µg/m3;horaire;2023-04-20 23:00:00;2023-04-21 00:00:00;True;-1.564803;47.23354499998231;354828.5774908221;6691451.497810739
Loire-Atlantique;Nantes;44109;FRERES GONCOURT;FR23251;traffic;NO2;8;9.2;µg/m3;horaire;2023-04-20 23:00:00;2023-04-21 00:00:00;True;-1.564803;47.23354499998231;354828.5774908221;6691451.497810739
Loire-Atlantique;Nantes;44109;FRERES GONCOURT;FR23251;traffic;NOx;9;15.0;µg/m3 eq NO2;horaire;2023-04-20 23:00:00;2023-04-21 00:00:00;True;-1.564803;47.23354499998231;354828.5774908221;6691451.497810739
Loire-Atlantique;Nantes;44109;FRERES GONCOURT;FR23251;traffic;o-C6H4-(CH3)2;482;0.13;µg/m3;horaire;2023-04-20 23:00:00;2023-04-21 00:00:00;True;-1.564803;47.23354499998231;354828.5774908221;6691451.497810739
Loire-Atlantique;Nantes;44109;FRERES GONCOURT;FR23251;traffic;PM10;5;17.0;µg/m3;horaire;2023-04-20 23:00:00;2023-04-21 00:00:00;True;-1.564803;47.23354499998231;354828.5774908221;6691451.497810739
Loire-Atlantique;Nantes;44109;FRERES GONCOURT;FR23251;traffic;PM2.5;6001;9.4;µg/m3;horaire;2023-04-20 23:00:00;2023-04-21 00:00:00;True;-1.564803;47.23354499998231;354828.5774908221;6691451.497810739
